12.508437,41.679093,0
12.508436,41.679094,0
12.508435,41.679096,0
12.508434,41.679097,0
12.508433,41.679098,0
12.508431,41.679100,0
12.508430,41.679101,0
12.508429,41.679102,0
12.508427,41.679104,0
12.508425,41.679107,0
12.508423,41.679108,0
12.508422,41.679109,0
12.508420,41.679111,0
12.508418,41.679113,0
12.508417,41.679115,0
12.508416,41.679116,0
12.508414,41.679118,0
12.508412,41.679120,0
12.508404,41.679130,0
12.508404,41.679130,0
12.508403,41.679132,0
12.508401,41.679134,0
12.508400,41.679135,0
12.508396,41.679140,0
12.508396,41.679141,0
12.508395,41.679143,0
12.508394,41.679144,0
12.508393,41.679146,0
12.508391,41.679149,0
12.508390,41.679150,0
12.508389,41.679152,0
12.508388,41.679154,0
12.508386,41.679156,0
12.508385,41.679158,0
12.508384,41.679159,0
12.508383,41.679161,0
12.508381,41.679164,0
12.508380,41.679165,0
12.508379,41.679167,0
12.508378,41.679169,0
12.508376,41.679172,0
12.508375,41.679173,0
12.508373,41.679175,0
12.508372,41.679177,0
12.508370,41.679179,0
12.508369,41.679181,0
12.508368,41.679182,0
12.508366,41.679184,0
12.508364,41.679187,0
12.508363,41.679189,0
12.508362,41.679190,0
12.508360,41.679192,0
12.508358,41.679195,0
12.508357,41.679196,0
12.508356,41.679198,0
12.508354,41.679200,0
12.508352,41.679203,0
12.508351,41.679204,0
12.508350,41.679206,0
12.508348,41.679208,0
12.508346,41.679211,0
12.508345,41.679212,0
12.508344,41.679214,0
12.508343,41.679216,0
12.508341,41.679219,0
12.508340,41.679220,0
12.508339,41.679222,0
12.508337,41.679224,0
12.508335,41.679227,0
12.508334,41.679228,0
12.508332,41.679231,0
12.508329,41.679234,0
12.508328,41.679237,0
12.508326,41.679239,0
12.508324,41.679242,0
12.508322,41.679245,0
12.508321,41.679247,0
12.508320,41.679249,0
12.508319,41.679250,0
12.508318,41.679252,0
12.508316,41.679255,0
12.508314,41.679257,0
12.508313,41.679258,0
12.508312,41.679260,0
12.508310,41.679262,0
12.508309,41.679264,0
12.508306,41.679267,0
12.508304,41.679270,0
12.508302,41.679273,0
12.508300,41.679275,0
12.508298,41.679279,0
12.508296,41.679282,0
12.508294,41.679284,0
12.508293,41.679286,0
12.508291,41.679288,0
12.508290,41.679291,0
12.508288,41.679292,0
12.508287,41.679294,0
12.508286,41.679296,0
12.508284,41.679299,0
12.508283,41.679300,0
12.508283,41.679302,0
12.508281,41.679304,0
12.508280,41.679307,0
12.508279,41.679308,0
12.508278,41.679310,0
12.508277,41.679312,0
12.508276,41.679315,0
12.508275,41.679316,0
12.508274,41.679318,0
12.508273,41.679320,0
12.508271,41.679323,0
12.508270,41.679324,0
12.508269,41.679326,0
12.508268,41.679328,0
12.508266,41.679331,0
12.508265,41.679332,0
12.508264,41.679334,0
12.508262,41.679336,0
12.508261,41.679339,0
12.508260,41.679340,0
12.508258,41.679343,0
12.508256,41.679346,0
12.508254,41.679349,0
12.508253,41.679351,0
12.508251,41.679354,0
12.508249,41.679357,0
12.508248,41.679359,0
12.508246,41.679362,0
12.508244,41.679365,0
12.508243,41.679367,0
12.508241,41.679370,0
12.508240,41.679373,0
12.508236,41.679378,0
12.508236,41.679379,0
12.508235,41.679381,0
12.508234,41.679382,0
12.508233,41.679384,0
12.508232,41.679386,0
12.508231,41.679387,0
12.508229,41.679390,0
12.508228,41.679392,0
12.508226,41.679395,0
12.508224,41.679398,0
12.508223,41.679401,0
12.508221,41.679404,0
12.508218,41.679407,0
12.508217,41.679409,0
12.508216,41.679410,0
12.508215,41.679411,0
12.508213,41.679415,0
12.508211,41.679417,0
12.508207,41.679423,0
12.508206,41.679424,0
12.508205,41.679426,0
12.508204,41.679428,0
12.508203,41.679429,0
12.508201,41.679432,0
12.508199,41.679434,0
12.508198,41.679436,0
12.508197,41.679437,0
12.508196,41.679440,0
12.508194,41.679442,0
12.508193,41.679444,0
12.508192,41.679445,0
12.508191,41.679447,0
12.508189,41.679450,0
12.508188,41.679452,0
12.508187,41.679453,0
12.508186,41.679455,0
12.508184,41.679458,0
12.508183,41.679460,0
12.508182,41.679461,0
12.508181,41.679463,0
12.508179,41.679466,0
12.508178,41.679468,0
12.508177,41.679469,0
12.508176,41.679471,0
12.508174,41.679474,0
12.508173,41.679476,0
12.508172,41.679477,0
12.508171,41.679479,0
12.508171,41.679483,0
12.508170,41.679484,0
12.508169,41.679485,0
12.508168,41.679488,0
12.508166,41.679490,0
12.508166,41.679492,0
12.508164,41.679495,0
12.508162,41.679498,0
12.508161,41.679501,0
12.508160,41.679503,0
12.508158,41.679507,0
12.508156,41.679509,0
12.508155,41.679511,0
12.508154,41.679513,0
12.508153,41.679514,0
12.508152,41.679516,0
12.508150,41.679518,0
12.508148,41.679520,0
12.508147,41.679522,0
12.508146,41.679523,0
12.508144,41.679526,0
12.508143,41.679527,0
12.508141,41.679531,0
12.508139,41.679533,0
12.508137,41.679536,0
12.508135,41.679539,0
12.508133,41.679542,0
12.508132,41.679544,0
12.508131,41.679545,0
12.508130,41.679547,0
12.508128,41.679550,0
12.508127,41.679551,0
12.508126,41.679554,0
12.508124,41.679557,0
12.508123,41.679560,0
12.508121,41.679563,0
12.508119,41.679566,0
12.508118,41.679569,0
12.508116,41.679572,0
12.508115,41.679574,0
12.508114,41.679576,0
12.508113,41.679579,0
12.508112,41.679580,0
12.508111,41.679582,0
12.508109,41.679584,0
12.508108,41.679587,0
12.508107,41.679588,0
12.508106,41.679589,0
12.508104,41.679592,0
12.508102,41.679595,0
12.508101,41.679596,0
12.508100,41.679597,0
12.508099,41.679600,0
12.508097,41.679602,0
12.508096,41.679604,0
12.508095,41.679605,0
12.508094,41.679607,0
12.508092,41.679610,0
12.508091,41.679612,0
12.508090,41.679613,0
12.508088,41.679615,0
12.508087,41.679618,0
12.508086,41.679619,0
12.508085,41.679621,0
12.508083,41.679623,0
12.508082,41.679626,0
12.508081,41.679627,0
12.508080,41.679629,0
12.508078,41.679631,0
12.508077,41.679633,0
12.508076,41.679635,0
12.508075,41.679636,0
12.508073,41.679638,0
12.508072,41.679641,0
12.508071,41.679643,0
12.508070,41.679644,0
12.508069,41.679646,0
12.508067,41.679649,0
12.508067,41.679650,0
12.508066,41.679652,0
12.508064,41.679656,0
12.508064,41.679657,0
12.508063,41.679659,0
12.508063,41.679660,0
12.508062,41.679663,0
12.508062,41.679665,0
12.508062,41.679667,0
12.508062,41.679669,0
12.508062,41.679671,0
12.508062,41.679674,0
12.508062,41.679676,0
12.508063,41.679678,0
12.508064,41.679680,0
12.508064,41.679681,0
12.508065,41.679684,0
12.508067,41.679686,0
12.508068,41.679688,0
12.508068,41.679689,0
12.508069,41.679691,0
12.508071,41.679694,0
12.508072,41.679696,0
12.508072,41.679697,0
12.508073,41.679699,0
12.508073,41.679702,0
12.508072,41.679705,0
12.508071,41.679708,0
12.508070,41.679709,0
12.508068,41.679711,0
12.508065,41.679713,0
12.508063,41.679714,0
12.508062,41.679715,0
12.508059,41.679716,0
12.508055,41.679718,0
12.508052,41.679719,0
12.508050,41.679720,0
12.508045,41.679721,0
12.508041,41.679721,0
12.508037,41.679722,0
12.508032,41.679721,0
12.508029,41.679721,0
12.508025,41.679720,0
12.508021,41.679719,0
12.508016,41.679717,0
12.508013,41.679715,0
12.508010,41.679713,0
12.508008,41.679712,0
12.508005,41.679711,0
12.508002,41.679709,0
12.508000,41.679708,0
12.507999,41.679707,0
12.507996,41.679705,0
12.507994,41.679703,0
12.507993,41.679701,0
12.507992,41.679700,0
12.507990,41.679698,0
12.507989,41.679695,0
12.507988,41.679693,0
12.507987,41.679692,0
12.507987,41.679690,0
12.507986,41.679686,0
12.507986,41.679685,0
12.507986,41.679683,0
12.507986,41.679681,0
12.507986,41.679678,0
12.507986,41.679676,0
12.507986,41.679675,0
12.507987,41.679672,0
12.507987,41.679669,0
12.507988,41.679668,0
12.507988,41.679666,0
12.507990,41.679664,0
12.507991,41.679661,0
12.507992,41.679660,0
12.507993,41.679658,0
12.507994,41.679656,0
12.507995,41.679653,0
12.507996,41.679652,0
12.507997,41.679650,0
12.507998,41.679648,0
12.508000,41.679646,0
12.508001,41.679644,0
12.508002,41.679643,0
12.508004,41.679641,0
12.508006,41.679638,0
12.508007,41.679637,0
12.508008,41.679635,0
12.508010,41.679633,0
12.508012,41.679631,0
12.508013,41.679629,0
12.508015,41.679628,0
12.508016,41.679626,0
12.508018,41.679624,0
12.508020,41.679622,0
12.508021,41.679621,0
12.508022,41.679619,0
12.508024,41.679617,0
12.508026,41.679615,0
12.508027,41.679614,0
12.508028,41.679612,0
12.508030,41.679609,0
12.508032,41.679608,0
12.508033,41.679607,0
12.508034,41.679605,0
12.508036,41.679602,0
12.508038,41.679601,0
12.508039,41.679599,0
12.508041,41.679597,0
12.508043,41.679595,0
12.508044,41.679594,0
12.508045,41.679592,0
12.508047,41.679591,0
12.508049,41.679588,0
12.508049,41.679590,0
12.508050,41.679589,0
12.508052,41.679587,0
12.508054,41.679585,0
12.508056,41.679583,0
12.508057,41.679582,0
12.508058,41.679580,0
12.508061,41.679578,0
12.508062,41.679576,0
12.508063,41.679575,0
12.508065,41.679573,0
12.508067,41.679571,0
12.508068,41.679569,0
12.508069,41.679568,0
12.508071,41.679566,0
12.508073,41.679563,0
12.508074,41.679562,0
12.508076,41.679559,0
12.508079,41.679556,0
12.508080,41.679554,0
12.508084,41.679549,0
12.508085,41.679548,0
12.508086,41.679547,0
12.508087,41.679545,0
12.508089,41.679544,0
12.508090,41.679542,0
12.508091,41.679541,0
12.508093,41.679538,0
12.508094,41.679537,0
12.508097,41.679534,0
12.508100,41.679532,0
12.508102,41.679530,0
12.508104,41.679527,0
12.508107,41.679524,0
12.508109,41.679523,0
12.508110,41.679522,0
12.508111,41.679521,0
12.508114,41.679517,0
12.508115,41.679516,0
12.508116,41.679515,0
12.508117,41.679514,0
12.508120,41.679511,0
12.508121,41.679510,0
12.508122,41.679508,0
12.508124,41.679507,0
12.508126,41.679504,0
12.508127,41.679503,0
12.508130,41.679500,0
12.508132,41.679497,0
12.508135,41.679495,0
12.508137,41.679493,0
12.508140,41.679490,0
12.508141,41.679488,0
12.508142,41.679487,0
12.508143,41.679486,0
12.508146,41.679483,0
12.508147,41.679482,0
12.508149,41.679479,0
12.508153,41.679475,0
12.508154,41.679474,0
12.508156,41.679471,0
12.508159,41.679468,0
12.508161,41.679465,0
12.508163,41.679463,0
12.508164,41.679462,0
12.508166,41.679460,0
12.508167,41.679458,0
12.508169,41.679456,0
12.508170,41.679454,0
12.508172,41.679453,0
12.508174,41.679450,0
12.508176,41.679448,0
12.508178,41.679446,0
12.508181,41.679444,0
12.508182,41.679442,0
12.508183,41.679441,0
12.508185,41.679439,0
12.508187,41.679437,0
12.508188,41.679435,0
12.508189,41.679434,0
12.508191,41.679432,0
12.508193,41.679429,0
12.508194,41.679428,0
12.508196,41.679426,0
12.508199,41.679422,0
12.508201,41.679420,0
12.508202,41.679418,0
12.508205,41.679415,0
12.508207,41.679413,0
12.508209,41.679411,0
12.508211,41.679408,0
12.508213,41.679407,0
12.508215,41.679404,0
12.508216,41.679403,0
12.508217,41.679401,0
12.508218,41.679400,0
12.508221,41.679397,0
12.508222,41.679395,0
12.508223,41.679394,0
12.508224,41.679393,0
12.508226,41.679390,0
12.508227,41.679389,0
12.508230,41.679386,0
12.508232,41.679383,0
12.508234,41.679381,0
12.508236,41.679378,0
12.508239,41.679375,0
12.508240,41.679374,0
12.508242,41.679373,0
12.508243,41.679371,0
12.508245,41.679369,0
12.508246,41.679368,0
12.508249,41.679365,0
12.508251,41.679362,0
12.508253,41.679360,0
12.508255,41.679358,0
12.508258,41.679355,0
12.508259,41.679353,0
12.508261,41.679352,0
12.508262,41.679351,0
12.508265,41.679348,0
12.508266,41.679347,0
12.508267,41.679346,0
12.508268,41.679344,0
12.508270,41.679342,0
12.508271,41.679341,0
12.508274,41.679338,0
12.508276,41.679336,0
12.508278,41.679333,0
12.508281,41.679331,0
12.508284,41.679328,0
12.508286,41.679326,0
12.508288,41.679323,0
12.508289,41.679322,0
12.508291,41.679320,0
12.508293,41.679318,0
12.508295,41.679316,0
12.508297,41.679314,0
12.508299,41.679312,0
12.508300,41.679311,0
12.508301,41.679310,0
12.508303,41.679308,0
12.508305,41.679305,0
12.508306,41.679304,0
12.508307,41.679303,0
12.508309,41.679301,0
12.508311,41.679299,0
12.508312,41.679298,0
12.508313,41.679297,0
12.508315,41.679295,0
12.508317,41.679293,0
12.508318,41.679292,0
12.508319,41.679290,0
12.508320,41.679289,0
12.508322,41.679287,0
12.508324,41.679285,0
12.508325,41.679284,0
12.508326,41.679282,0
12.508328,41.679280,0
12.508329,41.679279,0
12.508332,41.679277,0
12.508334,41.679274,0
12.508336,41.679272,0
12.508338,41.679270,0
12.508340,41.679268,0
12.508343,41.679266,0
12.508344,41.679264,0
12.508345,41.679263,0
12.508346,41.679262,0
12.508347,41.679261,0
12.508349,41.679259,0
12.508351,41.679257,0
12.508352,41.679256,0
12.508353,41.679255,0
12.508355,41.679253,0
12.508356,41.679252,0
12.508358,41.679249,0
12.508360,41.679247,0
12.508363,41.679244,0
12.508365,41.679242,0
12.508365,41.679242,0
12.508365,41.679242,0
12.508365,41.679242,0
12.508365,41.679242,0
12.508365,41.679243,0
12.508364,41.679243,0
12.508365,41.679242,0
12.508364,41.679243,0
12.508365,41.679243,0
12.508366,41.679242,0
12.508368,41.679240,0
12.508370,41.679238,0
12.508371,41.679237,0
12.508372,41.679236,0
12.508374,41.679234,0
12.508375,41.679233,0
12.508378,41.679230,0
12.508380,41.679228,0
12.508382,41.679226,0
12.508384,41.679224,0
12.508387,41.679221,0
12.508389,41.679218,0
12.508391,41.679216,0
12.508392,41.679215,0
12.508394,41.679213,0
12.508396,41.679211,0
12.508397,41.679210,0
12.508398,41.679209,0
12.508399,41.679207,0
12.508401,41.679205,0
12.508402,41.679204,0
12.508403,41.679203,0
12.508405,41.679201,0
12.508407,41.679199,0
12.508408,41.679198,0
12.508409,41.679197,0
12.508411,41.679195,0
12.508413,41.679193,0
12.508414,41.679192,0
12.508415,41.679191,0
12.508416,41.679189,0
12.508419,41.679187,0
12.508420,41.679186,0
12.508421,41.679185,0
12.508422,41.679183,0
12.508425,41.679181,0
12.508426,41.679180,0
12.508427,41.679179,0
12.508428,41.679177,0
12.508431,41.679175,0
12.508431,41.679174,0
12.508432,41.679173,0
12.508436,41.679170,0
12.508436,41.679169,0
12.508437,41.679168,0
12.508438,41.679167,0
12.508440,41.679165,0
12.508442,41.679163,0
12.508443,41.679162,0
12.508445,41.679159,0
12.508448,41.679157,0
12.508450,41.679155,0
12.508452,41.679153,0
12.508453,41.679152,0
12.508454,41.679151,0
12.508455,41.679150,0
12.508457,41.679147,0
12.508459,41.679146,0
12.508460,41.679145,0
12.508461,41.679144,0
12.508463,41.679141,0
12.508464,41.679140,0
12.508467,41.679137,0
12.508469,41.679135,0
12.508471,41.679133,0
12.508473,41.679131,0
12.508476,41.679128,0
12.508477,41.679126,0
12.508478,41.679125,0
12.508479,41.679124,0
12.508481,41.679122,0
12.508482,41.679121,0
12.508485,41.679118,0
12.508487,41.679116,0
12.508489,41.679114,0
12.508492,41.679111,0
12.508494,41.679109,0
12.508496,41.679107,0
12.508497,41.679106,0
12.508498,41.679105,0
12.508500,41.679103,0
12.508501,41.679101,0
12.508504,41.679099,0
12.508506,41.679097,0
12.508508,41.679094,0
12.508510,41.679092,0
12.508513,41.679089,0
12.508514,41.679088,0
12.508516,41.679086,0
12.508519,41.679083,0
12.508520,41.679081,0
12.508523,41.679079,0
12.508524,41.679078,0
12.508525,41.679077,0
12.508528,41.679074,0
12.508529,41.679073,0
12.508530,41.679072,0
12.508531,41.679071,0
12.508533,41.679069,0
12.508535,41.679067,0
12.508536,41.679065,0
12.508537,41.679064,0
12.508539,41.679063,0
12.508541,41.679060,0
12.508542,41.679059,0
12.508543,41.679058,0
12.508545,41.679056,0
12.508547,41.679054,0
12.508548,41.679053,0
12.508550,41.679052,0
12.508551,41.679050,0
12.508554,41.679048,0
12.508555,41.679047,0
12.508556,41.679046,0
12.508558,41.679044,0
12.508560,41.679042,0
12.508568,41.679034,0
12.508569,41.679033,0
12.508570,41.679032,0
12.508571,41.679030,0
12.508573,41.679027,0
12.508575,41.679025,0
12.508576,41.679023,0
12.508577,41.679022,0
12.508578,41.679021,0
12.508580,41.679018,0
12.508581,41.679016,0
12.508582,41.679015,0
12.508583,41.679014,0
12.508585,41.679011,0
12.508586,41.679010,0
12.508588,41.679007,0
12.508588,41.679007,0
12.508587,41.679007,0
12.508587,41.679008,0
12.508587,41.679008,0
12.508587,41.679008,0
12.508586,41.679008,0
12.508586,41.679008,0
12.508586,41.679008,0
12.508586,41.679008,0
12.508586,41.679008,0
12.508585,41.679009,0
12.508585,41.679009,0
12.508585,41.679009,0
12.508585,41.679009,0
12.508584,41.679009,0
12.508584,41.679009,0
12.508584,41.679009,0
12.508584,41.679010,0
12.508584,41.679009,0
12.508584,41.679009,0
12.508585,41.679008,0
12.508586,41.679006,0
12.508588,41.679004,0
12.508590,41.679003,0
12.508591,41.679001,0
12.508592,41.679000,0
12.508595,41.678997,0
12.508596,41.678996,0
12.508597,41.678995,0
12.508597,41.678995,0
12.508597,41.678995,0
12.508596,41.678995,0
12.508596,41.678995,0
12.508597,41.678995,0
12.508597,41.678995,0
12.508598,41.678994,0
12.508599,41.678993,0
12.508601,41.678992,0
12.508603,41.678991,0
12.508604,41.678990,0
12.508606,41.678990,0
12.508608,41.678989,0
12.508611,41.678990,0
12.508613,41.678990,0
12.508614,41.678991,0
12.508616,41.678992,0
12.508618,41.678993,0
12.508619,41.678995,0
12.508620,41.678996,0
12.508621,41.678998,0
12.508622,41.679001,0
12.508622,41.679003,0
12.508622,41.679005,0
12.508623,41.679007,0
12.508623,41.679010,0
12.508622,41.679013,0
12.508622,41.679015,0
12.508621,41.679015,0
12.508621,41.679015,0
12.508621,41.679015,0
12.508621,41.679015,0
12.508620,41.679015,0
12.508620,41.679015,0
12.508620,41.679015,0
12.508620,41.679016,0
12.508620,41.679016,0
12.508619,41.679016,0
12.508619,41.679016,0
12.508619,41.679016,0
12.508619,41.679016,0
12.508618,41.679016,0
12.508618,41.679016,0
12.508618,41.679016,0
12.508618,41.679017,0
12.508618,41.679017,0
12.508617,41.679017,0
12.508617,41.679017,0
12.508617,41.679017,0
12.508617,41.679017,0
12.508616,41.679017,0
12.508616,41.679017,0
12.508616,41.679018,0
12.508616,41.679018,0
12.508616,41.679018,0
12.508615,41.679018,0
12.508615,41.679018,0
12.508615,41.679018,0
12.508615,41.679018,0
12.508615,41.679018,0
12.508614,41.679018,0
12.508614,41.679019,0
12.508614,41.679019,0
12.508614,41.679019,0
12.508614,41.679019,0
12.508613,41.679019,0
12.508613,41.679019,0
12.508613,41.679019,0
12.508613,41.679019,0
12.508612,41.679019,0
