12.508438,41.679092,0
12.508438,41.679092,0
12.508438,41.679092,0
12.508438,41.679092,0
12.508438,41.679092,0
12.508438,41.679092,0
12.508438,41.679092,0
12.508438,41.679092,0
12.508430,41.679092,0
12.508430,41.679092,0
12.508430,41.679092,0
12.508430,41.679092,0
12.508430,41.679093,0
12.508430,41.679093,0
12.508430,41.679093,0
12.508430,41.679093,0
12.508430,41.679093,0
12.508427,41.679095,0
12.508417,41.679103,0
12.508417,41.679105,0
12.508417,41.679107,0
12.508413,41.679112,0
12.508412,41.679113,0
12.508408,41.679118,0
12.508408,41.679120,0
12.508407,41.679123,0
12.508403,41.679123,0
12.508402,41.679127,0
12.508397,41.679130,0
12.508395,41.679132,0
12.508388,41.679133,0
12.508383,41.679135,0
12.508380,41.679140,0
12.508377,41.679143,0
12.508378,41.679145,0
12.508377,41.679148,0
12.508375,41.679153,0
12.508375,41.679157,0
12.508372,41.679157,0
12.508368,41.679158,0
12.508365,41.679163,0
12.508362,41.679165,0
12.508358,41.679168,0
12.508357,41.679170,0
12.508352,41.679175,0
12.508350,41.679177,0
12.508352,41.679180,0
12.508352,41.679182,0
12.508350,41.679187,0
12.508350,41.679188,0
12.508350,41.679192,0
12.508350,41.679193,0
12.508348,41.679198,0
12.508348,41.679202,0
12.508348,41.679203,0
12.508350,41.679208,0
12.508352,41.679213,0
12.508352,41.679217,0
12.508352,41.679220,0
12.508352,41.679222,0
12.508353,41.679227,0
12.508353,41.679228,0
12.508350,41.679230,0
12.508350,41.679232,0
12.508352,41.679238,0
12.508352,41.679240,0
12.508352,41.679245,0
12.508350,41.679245,0
12.508347,41.679247,0
12.508343,41.679247,0
12.508340,41.679247,0
12.508338,41.679250,0
12.508340,41.679253,0
12.508338,41.679255,0
12.508338,41.679262,0
12.508337,41.679265,0
12.508335,41.679267,0
12.508332,41.679268,0
12.508328,41.679270,0
12.508325,41.679270,0
12.508312,41.679268,0
12.508303,41.679268,0
12.508298,41.679268,0
12.508293,41.679268,0
12.508290,41.679270,0
12.508287,41.679270,0
12.508283,41.679272,0
12.508282,41.679273,0
12.508280,41.679275,0
12.508275,41.679275,0
12.508273,41.679277,0
12.508273,41.679280,0
12.508273,41.679283,0
12.508272,41.679285,0
12.508272,41.679285,0
12.508272,41.679288,0
12.508270,41.679290,0
12.508270,41.679292,0
12.508270,41.679293,0
12.508268,41.679297,0
12.508270,41.679300,0
12.508270,41.679303,0
12.508272,41.679307,0
12.508273,41.679310,0
12.508273,41.679310,0
12.508272,41.679312,0
12.508272,41.679313,0
12.508272,41.679317,0
12.508272,41.679318,0
12.508270,41.679318,0
12.508268,41.679318,0
12.508265,41.679320,0
12.508262,41.679320,0
12.508262,41.679322,0
12.508260,41.679323,0
12.508253,41.679323,0
12.508252,41.679325,0
12.508248,41.679323,0
12.508243,41.679323,0
12.508237,41.679327,0
12.508235,41.679328,0
12.508235,41.679333,0
12.508237,41.679340,0
12.508237,41.679343,0
12.508237,41.679345,0
12.508233,41.679348,0
12.508235,41.679352,0
12.508235,41.679355,0
12.508233,41.679360,0
12.508235,41.679365,0
12.508233,41.679367,0
12.508235,41.679370,0
12.508237,41.679375,0
12.508240,41.679382,0
12.508237,41.679383,0
12.508237,41.679385,0
12.508238,41.679387,0
12.508238,41.679387,0
12.508238,41.679388,0
12.508238,41.679390,0
12.508233,41.679393,0
12.508230,41.679393,0
12.508228,41.679398,0
12.508227,41.679403,0
12.508225,41.679405,0
12.508218,41.679407,0
12.508213,41.679408,0
12.508213,41.679410,0
12.508213,41.679413,0
12.508213,41.679417,0
12.508213,41.679420,0
12.508212,41.679420,0
12.508208,41.679425,0
12.508207,41.679427,0
12.508202,41.679428,0
12.508200,41.679430,0
12.508202,41.679433,0
12.508200,41.679437,0
12.508198,41.679440,0
12.508198,41.679443,0
12.508197,41.679443,0
12.508197,41.679445,0
12.508195,41.679450,0
12.508195,41.679452,0
12.508193,41.679455,0
12.508193,41.679457,0
12.508192,41.679460,0
12.508190,41.679462,0
12.508192,41.679463,0
12.508190,41.679465,0
12.508187,41.679467,0
12.508185,41.679468,0
12.508183,41.679468,0
12.508182,41.679468,0
12.508182,41.679472,0
12.508183,41.679473,0
12.508182,41.679473,0
12.508183,41.679475,0
12.508180,41.679477,0
12.508178,41.679477,0
12.508178,41.679478,0
12.508178,41.679480,0
12.508175,41.679485,0
12.508175,41.679487,0
12.508177,41.679490,0
12.508175,41.679492,0
12.508175,41.679498,0
12.508173,41.679502,0
12.508172,41.679503,0
12.508170,41.679508,0
12.508168,41.679513,0
12.508172,41.679515,0
12.508172,41.679518,0
12.508168,41.679517,0
12.508167,41.679515,0
12.508163,41.679515,0
12.508160,41.679515,0
12.508158,41.679517,0
12.508158,41.679520,0
12.508158,41.679523,0
12.508157,41.679525,0
12.508155,41.679525,0
12.508153,41.679527,0
12.508153,41.679528,0
12.508152,41.679532,0
12.508148,41.679532,0
12.508147,41.679533,0
12.508143,41.679535,0
12.508140,41.679538,0
12.508140,41.679540,0
12.508138,41.679542,0
12.508140,41.679543,0
12.508142,41.679548,0
12.508142,41.679552,0
12.508142,41.679557,0
12.508138,41.679562,0
12.508135,41.679565,0
12.508130,41.679568,0
12.508125,41.679570,0
12.508125,41.679572,0
12.508120,41.679575,0
12.508117,41.679575,0
12.508115,41.679577,0
12.508110,41.679577,0
12.508107,41.679578,0
12.508102,41.679578,0
12.508100,41.679580,0
12.508097,41.679583,0
12.508095,41.679585,0
12.508093,41.679585,0
12.508092,41.679587,0
12.508088,41.679588,0
12.508088,41.679592,0
12.508088,41.679595,0
12.508087,41.679595,0
12.508082,41.679595,0
12.508080,41.679595,0
12.508077,41.679595,0
12.508075,41.679595,0
12.508072,41.679595,0
12.508068,41.679593,0
12.508067,41.679595,0
12.508065,41.679593,0
12.508060,41.679593,0
12.508057,41.679593,0
12.508055,41.679593,0
12.508053,41.679595,0
12.508047,41.679598,0
12.508042,41.679598,0
12.508043,41.679602,0
12.508040,41.679602,0
12.508033,41.679600,0
12.508030,41.679600,0
12.508025,41.679600,0
12.508022,41.679602,0
12.508018,41.679605,0
12.508017,41.679607,0
12.508017,41.679607,0
12.508015,41.679607,0
12.508013,41.679610,0
12.508018,41.679613,0
12.508017,41.679613,0
12.508025,41.679618,0
12.508027,41.679622,0
12.508030,41.679625,0
12.508032,41.679628,0
12.508037,41.679632,0
12.508042,41.679637,0
12.508045,41.679640,0
12.508047,41.679640,0
12.508047,41.679642,0
12.508048,41.679645,0
12.508047,41.679645,0
12.508050,41.679648,0
12.508048,41.679650,0
12.508047,41.679650,0
12.508047,41.679650,0
12.508048,41.679655,0
12.508050,41.679657,0
12.508050,41.679658,0
12.508050,41.679658,0
12.508047,41.679657,0
12.508047,41.679657,0
12.508047,41.679657,0
12.508045,41.679657,0
12.508047,41.679658,0
12.508050,41.679658,0
12.508055,41.679663,0
12.508058,41.679668,0
12.508062,41.679673,0
12.508060,41.679677,0
12.508058,41.679678,0
12.508060,41.679683,0
12.508062,41.679687,0
12.508063,41.679692,0
12.508067,41.679697,0
12.508065,41.679697,0
12.508063,41.679700,0
12.508060,41.679702,0
12.508058,41.679703,0
12.508052,41.679703,0
12.508043,41.679705,0
12.508037,41.679703,0
12.508030,41.679702,0
12.508023,41.679702,0
12.508017,41.679700,0
12.508010,41.679693,0
12.508010,41.679695,0
12.508012,41.679697,0
12.508010,41.679693,0
12.508008,41.679693,0
12.508008,41.679693,0
12.508007,41.679693,0
12.507998,41.679690,0
12.507995,41.679687,0
12.507997,41.679690,0
12.507998,41.679692,0
12.507997,41.679692,0
12.507997,41.679692,0
12.507998,41.679693,0
12.508000,41.679693,0
12.507998,41.679693,0
12.507998,41.679692,0
12.508000,41.679693,0
12.508000,41.679695,0
12.508000,41.679693,0
12.507998,41.679693,0
12.507998,41.679692,0
12.507998,41.679692,0
12.507998,41.679692,0
12.508000,41.679692,0
12.508002,41.679693,0
12.508003,41.679693,0
12.508003,41.679692,0
12.508003,41.679690,0
12.508003,41.679690,0
12.508003,41.679688,0
12.508007,41.679687,0
12.508007,41.679685,0
12.508007,41.679683,0
12.508007,41.679682,0
12.508007,41.679678,0
12.508007,41.679678,0
12.508007,41.679678,0
12.508008,41.679678,0
12.508008,41.679678,0
12.508010,41.679677,0
12.508013,41.679678,0
12.508015,41.679678,0
12.508022,41.679677,0
12.508025,41.679675,0
12.508027,41.679673,0
12.508028,41.679672,0
12.508033,41.679670,0
12.508037,41.679670,0
12.508037,41.679670,0
12.508037,41.679668,0
12.508038,41.679665,0
12.508040,41.679663,0
12.508045,41.679663,0
12.508048,41.679663,0
12.508057,41.679662,0
12.508058,41.679662,0
12.508060,41.679662,0
12.508058,41.679660,0
12.508055,41.679657,0
12.508055,41.679657,0
12.508053,41.679657,0
12.508055,41.679657,0
12.508047,41.679653,0
12.508045,41.679652,0
12.508047,41.679652,0
12.508050,41.679650,0
12.508052,41.679648,0
12.508053,41.679648,0
12.508053,41.679647,0
12.508055,41.679645,0
12.508055,41.679640,0
12.508058,41.679640,0
12.508060,41.679640,0
12.508063,41.679638,0
12.508072,41.679637,0
12.508075,41.679635,0
12.508082,41.679635,0
12.508085,41.679632,0
12.508090,41.679625,0
12.508090,41.679622,0
12.508078,41.679615,0
12.508072,41.679612,0
12.508060,41.679605,0
12.508048,41.679600,0
12.508022,41.679590,0
12.507998,41.679582,0
12.507983,41.679572,0
12.507990,41.679570,0
12.507993,41.679570,0
12.507997,41.679568,0
12.507997,41.679568,0
12.508003,41.679567,0
12.508008,41.679567,0
12.508015,41.679565,0
12.508018,41.679562,0
12.508022,41.679560,0
12.508025,41.679558,0
12.508033,41.679557,0
12.508033,41.679555,0
12.508032,41.679552,0
12.508033,41.679547,0
12.508033,41.679545,0
12.508035,41.679543,0
12.508037,41.679542,0
12.508040,41.679538,0
12.508043,41.679538,0
12.508045,41.679537,0
12.508047,41.679535,0
12.508048,41.679532,0
12.508052,41.679530,0
12.508060,41.679528,0
12.508068,41.679527,0
12.508072,41.679527,0
12.508073,41.679523,0
12.508075,41.679518,0
12.508073,41.679513,0
12.508068,41.679508,0
12.508062,41.679502,0
12.508057,41.679495,0
12.508053,41.679492,0
12.508050,41.679488,0
12.508047,41.679485,0
12.508030,41.679477,0
12.508023,41.679472,0
12.508023,41.679468,0
12.508030,41.679468,0
12.508035,41.679467,0
12.508037,41.679465,0
12.508038,41.679463,0
12.508042,41.679462,0
12.508040,41.679458,0
12.508035,41.679457,0
12.508035,41.679453,0
12.508035,41.679450,0
12.508037,41.679448,0
12.508038,41.679447,0
12.508042,41.679445,0
12.508047,41.679443,0
12.508053,41.679442,0
12.508057,41.679440,0
12.508063,41.679440,0
12.508067,41.679440,0
12.508067,41.679437,0
12.508067,41.679435,0
12.508067,41.679432,0
12.508067,41.679428,0
12.508067,41.679428,0
12.508068,41.679425,0
12.508072,41.679422,0
12.508073,41.679420,0
12.508075,41.679418,0
12.508078,41.679415,0
12.508080,41.679410,0
12.508083,41.679408,0
12.508087,41.679405,0
12.508090,41.679402,0
12.508092,41.679400,0
12.508093,41.679398,0
12.508093,41.679395,0
12.508092,41.679392,0
12.508093,41.679390,0
12.508093,41.679388,0
12.508097,41.679387,0
12.508100,41.679387,0
12.508100,41.679385,0
12.508100,41.679385,0
12.508100,41.679383,0
12.508100,41.679385,0
12.508102,41.679383,0
12.508110,41.679385,0
12.508130,41.679395,0
12.508137,41.679398,0
12.508137,41.679398,0
12.508137,41.679398,0
12.508137,41.679398,0
12.508137,41.679398,0
12.508137,41.679398,0
12.508137,41.679398,0
12.508137,41.679398,0
12.508137,41.679398,0
12.508137,41.679398,0
12.508137,41.679398,0
12.508137,41.679398,0
12.508137,41.679398,0
12.508137,41.679398,0
12.508137,41.679398,0
12.508137,41.679398,0
12.508137,41.679398,0
12.508137,41.679398,0
12.508137,41.679398,0
12.508137,41.679398,0
12.508137,41.679398,0
12.508137,41.679398,0
12.508137,41.679398,0
12.508137,41.679398,0
12.508137,41.679398,0
12.508137,41.679398,0
12.508137,41.679398,0
12.508137,41.679398,0
12.508137,41.679398,0
12.508137,41.679398,0
12.508137,41.679398,0
12.508137,41.679398,0
12.508137,41.679398,0
12.508137,41.679398,0
12.508137,41.679398,0
12.508137,41.679398,0
12.508137,41.679398,0
12.508137,41.679398,0
12.508137,41.679398,0
12.508137,41.679398,0
12.508137,41.679398,0
12.508137,41.679398,0
12.508137,41.679398,0
12.508137,41.679398,0
12.508137,41.679398,0
12.508137,41.679398,0
12.508137,41.679398,0
12.508137,41.679398,0
12.508137,41.679398,0
12.508137,41.679398,0
12.508137,41.679398,0
12.508137,41.679398,0
12.508137,41.679398,0
12.508137,41.679398,0
12.508137,41.679398,0
12.508137,41.679398,0
12.508137,41.679398,0
12.508137,41.679398,0
12.508137,41.679398,0
12.508137,41.679398,0
12.508137,41.679398,0
12.508137,41.679398,0
12.508137,41.679398,0
12.508137,41.679398,0
12.508137,41.679398,0
12.508137,41.679398,0
12.508137,41.679398,0
12.508137,41.679398,0
12.508137,41.679398,0
12.508137,41.679398,0
12.508137,41.679398,0
12.508137,41.679398,0
12.508137,41.679398,0
12.508137,41.679398,0
12.508137,41.679398,0
12.508137,41.679398,0
12.508406,41.679287,0
12.508406,41.679287,0
12.508406,41.679287,0
12.508137,41.679398,0
12.508137,41.679398,0
12.508137,41.679398,0
12.508137,41.679398,0
12.508137,41.679398,0
12.508137,41.679398,0
12.508137,41.679398,0
12.508137,41.679398,0
12.508137,41.679398,0
12.508137,41.679398,0
12.508137,41.679398,0
12.508137,41.679398,0
12.508137,41.679398,0
12.508137,41.679398,0
12.508173,41.679405,0
12.508175,41.679405,0
12.508175,41.679403,0
12.508175,41.679403,0
12.508175,41.679403,0
12.508175,41.679402,0
12.508177,41.679402,0
12.508177,41.679400,0
12.508180,41.679397,0
12.508182,41.679397,0
12.508183,41.679395,0
12.508183,41.679393,0
12.508187,41.679390,0
12.508188,41.679388,0
12.508190,41.679388,0
12.508192,41.679387,0
12.508195,41.679382,0
12.508197,41.679380,0
12.508198,41.679378,0
12.508198,41.679377,0
12.508202,41.679372,0
12.508203,41.679370,0
12.508205,41.679368,0
12.508207,41.679367,0
12.508208,41.679362,0
12.508210,41.679360,0
12.508210,41.679357,0
12.508212,41.679355,0
12.508213,41.679352,0
12.508213,41.679348,0
12.508213,41.679345,0
12.508215,41.679343,0
12.508217,41.679338,0
12.508218,41.679335,0
12.508220,41.679333,0
12.508223,41.679328,0
12.508225,41.679325,0
12.508227,41.679323,0
12.508228,41.679320,0
12.508230,41.679318,0
12.508232,41.679312,0
12.508232,41.679308,0
12.508233,41.679305,0
12.508237,41.679298,0
12.508238,41.679293,0
12.508240,41.679290,0
12.508242,41.679288,0
12.508243,41.679287,0
12.508243,41.679285,0
12.508245,41.679282,0
12.508248,41.679278,0
12.508250,41.679275,0
12.508253,41.679272,0
12.508257,41.679268,0
12.508258,41.679267,0
12.508260,41.679262,0
12.508263,41.679258,0
12.508263,41.679258,0
12.508265,41.679257,0
12.508267,41.679255,0
12.508267,41.679253,0
12.508268,41.679253,0
12.508268,41.679252,0
12.508270,41.679250,0
12.508272,41.679248,0
12.508272,41.679245,0
12.508273,41.679240,0
12.508273,41.679237,0
12.508277,41.679232,0
12.508277,41.679227,0
12.508278,41.679225,0
12.508280,41.679222,0
12.508280,41.679220,0
12.508282,41.679218,0
12.508282,41.679217,0
12.508283,41.679215,0
12.508285,41.679212,0
12.508285,41.679210,0
12.508290,41.679207,0
12.508292,41.679200,0
12.508292,41.679197,0
12.508293,41.679193,0
12.508295,41.679190,0
12.508297,41.679188,0
12.508300,41.679187,0
12.508302,41.679187,0
12.508303,41.679187,0
12.508308,41.679187,0
12.508310,41.679185,0
12.508312,41.679183,0
12.508312,41.679183,0
12.508313,41.679182,0
12.508315,41.679177,0
12.508315,41.679175,0
12.508317,41.679175,0
12.508317,41.679173,0
12.508320,41.679172,0
12.508320,41.679172,0
12.508322,41.679170,0
12.508323,41.679170,0
12.508325,41.679168,0
12.508327,41.679168,0
12.508330,41.679165,0
12.508332,41.679163,0
12.508338,41.679162,0
12.508342,41.679160,0
12.508345,41.679160,0
12.508347,41.679158,0
12.508353,41.679155,0
12.508357,41.679145,0
12.508355,41.679145,0
12.508357,41.679143,0
12.508357,41.679143,0
12.508358,41.679142,0
12.508358,41.679138,0
12.508360,41.679137,0
12.508362,41.679137,0
12.508363,41.679135,0
12.508367,41.679133,0
12.508368,41.679132,0
12.508372,41.679130,0
12.508373,41.679128,0
12.508373,41.679127,0
12.508373,41.679125,0
12.508375,41.679122,0
12.508382,41.679118,0
12.508385,41.679117,0
12.508387,41.679113,0
12.508388,41.679115,0
12.508400,41.679136,0
12.508390,41.679113,0
12.508388,41.679115,0
12.508387,41.679115,0
12.508387,41.679115,0
12.508387,41.679115,0
12.508387,41.679115,0
12.508387,41.679115,0
12.508387,41.679115,0
12.508387,41.679115,0
12.508387,41.679115,0
12.508387,41.679115,0
12.508387,41.679115,0
12.508387,41.679115,0
12.508387,41.679115,0
12.508387,41.679115,0
12.508387,41.679115,0
12.508387,41.679115,0
12.508387,41.679115,0
12.508387,41.679115,0
12.508387,41.679115,0
12.508387,41.679115,0
12.508388,41.679115,0
12.508387,41.679115,0
12.508388,41.679115,0
12.508388,41.679115,0
12.508388,41.679115,0
12.508387,41.679113,0
12.508388,41.679113,0
12.508388,41.679113,0
12.508388,41.679113,0
12.508388,41.679113,0
12.508388,41.679112,0
12.508390,41.679113,0
12.508390,41.679113,0
12.508390,41.679113,0
12.508390,41.679113,0
12.508392,41.679113,0
12.508395,41.679115,0
12.508397,41.679115,0
12.508398,41.679113,0
12.508398,41.679112,0
12.508400,41.679110,0
12.508402,41.679110,0
12.508403,41.679110,0
12.508407,41.679110,0
12.508410,41.679110,0
12.508412,41.679110,0
12.508412,41.679110,0
12.508415,41.679112,0
12.508417,41.679112,0
12.508418,41.679112,0
12.508418,41.679112,0
12.508422,41.679112,0
12.508422,41.679112,0
12.508425,41.679113,0
12.508425,41.679113,0
12.508425,41.679113,0
12.508425,41.679113,0
12.508425,41.679113,0
12.508425,41.679113,0
12.508425,41.679113,0
12.508425,41.679113,0
12.508425,41.679113,0
12.508425,41.679113,0
12.508425,41.679113,0
12.508425,41.679113,0
12.508425,41.679113,0
12.508448,41.679136,0
12.508448,41.679136,0
12.508425,41.679113,0
12.508425,41.679113,0
12.508425,41.679113,0
12.508425,41.679113,0
12.508425,41.679113,0
12.508425,41.679113,0
12.508425,41.679113,0
12.508425,41.679113,0
12.508425,41.679113,0
12.508425,41.679113,0
12.508425,41.679113,0
12.508448,41.679136,0
12.508448,41.679136,0
12.508425,41.679113,0
12.508425,41.679113,0
12.508448,41.679136,0
12.508425,41.679113,0
12.508425,41.679113,0
12.508425,41.679113,0
12.508425,41.679113,0
12.508425,41.679113,0
12.508425,41.679113,0
12.508425,41.679113,0
12.508425,41.679113,0
12.508425,41.679113,0
