12.508522,41.679104,0
12.508521,41.679105,0
12.508521,41.679107,0
12.508519,41.679109,0
12.508518,41.679112,0
12.508517,41.679113,0
12.508516,41.679114,0
12.508515,41.679117,0
12.508514,41.679119,0
12.508513,41.679121,0
12.508512,41.679124,0
12.508511,41.679126,0
12.508510,41.679128,0
12.508509,41.679129,0
12.508508,41.679131,0
12.508507,41.679134,0
12.508506,41.679135,0
12.508504,41.679138,0
12.508503,41.679141,0
12.508502,41.679142,0
12.508500,41.679144,0
12.508499,41.679147,0
12.508497,41.679150,0
12.508496,41.679151,0
12.508495,41.679152,0
12.508494,41.679154,0
12.508493,41.679156,0
12.508492,41.679157,0
12.508490,41.679160,0
12.508489,41.679162,0
12.508488,41.679163,0
12.508487,41.679165,0
12.508485,41.679168,0
12.508484,41.679169,0
12.508483,41.679171,0
12.508481,41.679173,0
12.508480,41.679176,0
12.508479,41.679177,0
12.508477,41.679179,0
12.508476,41.679181,0
12.508474,41.679184,0
12.508473,41.679185,0
12.508472,41.679187,0
12.508471,41.679189,0
12.508469,41.679192,0
12.508467,41.679193,0
12.508466,41.679194,0
12.508465,41.679197,0
12.508463,41.679200,0
12.508461,41.679201,0
12.508460,41.679202,0
12.508458,41.679205,0
12.508456,41.679207,0
12.508455,41.679209,0
12.508454,41.679210,0
12.508452,41.679212,0
12.508450,41.679215,0
12.508449,41.679217,0
12.508446,41.679219,0
12.508444,41.679223,0
12.508441,41.679225,0
12.508439,41.679227,0
12.508436,41.679230,0
12.508434,41.679232,0
12.508432,41.679234,0
12.508429,41.679237,0
12.508427,41.679240,0
12.508424,41.679241,0
12.508422,41.679244,0
12.508420,41.679246,0
12.508417,41.679249,0
12.508414,41.679251,0
12.508412,41.679254,0
12.508410,41.679255,0
12.508408,41.679257,0
12.508405,41.679259,0
12.508404,41.679261,0
12.508402,41.679262,0
12.508400,41.679264,0
12.508398,41.679266,0
12.508396,41.679268,0
12.508395,41.679269,0
12.508393,41.679271,0
12.508391,41.679274,0
12.508389,41.679275,0
12.508388,41.679277,0
12.508386,41.679279,0
12.508384,41.679281,0
12.508383,41.679283,0
12.508381,41.679284,0
12.508380,41.679286,0
12.508378,41.679289,0
12.508376,41.679291,0
12.508375,41.679292,0
12.508374,41.679294,0
12.508372,41.679297,0
12.508371,41.679299,0
12.508370,41.679300,0
12.508368,41.679302,0
12.508366,41.679305,0
12.508365,41.679307,0
12.508364,41.679308,0
12.508363,41.679311,0
12.508361,41.679314,0
12.508360,41.679315,0
12.508359,41.679317,0
12.508358,41.679319,0
12.508356,41.679322,0
12.508356,41.679323,0
12.508355,41.679325,0
12.508353,41.679327,0
12.508352,41.679330,0
12.508350,41.679331,0
12.508349,41.679333,0
12.508348,41.679335,0
12.508346,41.679338,0
12.508345,41.679339,0
12.508344,41.679341,0
12.508342,41.679343,0
12.508341,41.679346,0
12.508340,41.679347,0
12.508339,41.679349,0
12.508337,41.679351,0
12.508336,41.679354,0
12.508335,41.679355,0
12.508333,41.679357,0
12.508332,41.679359,0
12.508330,41.679362,0
12.508329,41.679363,0
12.508327,41.679367,0
12.508325,41.679370,0
12.508325,41.679371,0
12.508324,41.679373,0
12.508322,41.679375,0
12.508321,41.679378,0
12.508319,41.679381,0
12.508318,41.679383,0
12.508317,41.679385,0
12.508317,41.679386,0
12.508316,41.679388,0
12.508315,41.679390,0
12.508314,41.679392,0
12.508312,41.679395,0
12.508311,41.679396,0
12.508310,41.679399,0
12.508308,41.679403,0
12.508306,41.679405,0
12.508305,41.679407,0
12.508304,41.679410,0
12.508302,41.679412,0
12.508300,41.679415,0
12.508299,41.679418,0
12.508297,41.679421,0
12.508296,41.679423,0
12.508294,41.679425,0
12.508292,41.679427,0
12.508291,41.679429,0
12.508290,41.679431,0
12.508288,41.679433,0
12.508286,41.679435,0
12.508285,41.679437,0
12.508284,41.679438,0
12.508282,41.679440,0
12.508280,41.679443,0
12.508279,41.679445,0
12.508278,41.679446,0
12.508276,41.679448,0
12.508274,41.679451,0
12.508273,41.679453,0
12.508272,41.679454,0
12.508271,41.679456,0
12.508269,41.679459,0
12.508267,41.679460,0
12.508266,41.679462,0
12.508265,41.679464,0
12.508263,41.679467,0
12.508262,41.679468,0
12.508261,41.679470,0
12.508259,41.679472,0
12.508259,41.679475,0
12.508258,41.679476,0
12.508257,41.679478,0
12.508255,41.679480,0
12.508253,41.679483,0
12.508252,41.679484,0
12.508251,41.679486,0
12.508250,41.679488,0
12.508248,41.679491,0
12.508247,41.679492,0
12.508246,41.679494,0
12.508244,41.679496,0
12.508243,41.679499,0
12.508242,41.679500,0
12.508241,41.679502,0
12.508239,41.679504,0
12.508238,41.679507,0
12.508237,41.679508,0
12.508236,41.679510,0
12.508234,41.679512,0
12.508233,41.679515,0
12.508232,41.679516,0
12.508231,41.679518,0
12.508229,41.679520,0
12.508227,41.679523,0
12.508226,41.679524,0
12.508225,41.679526,0
12.508223,41.679528,0
12.508221,41.679530,0
12.508220,41.679532,0
12.508219,41.679533,0
12.508217,41.679535,0
12.508215,41.679538,0
12.508214,41.679539,0
12.508212,41.679541,0
12.508211,41.679543,0
12.508209,41.679546,0
12.508208,41.679547,0
12.508207,41.679549,0
12.508205,41.679551,0
12.508203,41.679553,0
12.508202,41.679555,0
12.508201,41.679556,0
12.508199,41.679558,0
12.508198,41.679561,0
12.508197,41.679563,0
12.508195,41.679564,0
12.508194,41.679566,0
12.508193,41.679569,0
12.508191,41.679571,0
12.508190,41.679572,0
12.508189,41.679574,0
12.508188,41.679577,0
12.508187,41.679579,0
12.508185,41.679580,0
12.508184,41.679582,0
12.508182,41.679585,0
12.508181,41.679587,0
12.508180,41.679588,0
12.508179,41.679590,0
12.508177,41.679593,0
12.508176,41.679594,0
12.508175,41.679596,0
12.508173,41.679598,0
12.508171,41.679600,0
12.508170,41.679602,0
12.508169,41.679603,0
12.508168,41.679605,0
12.508166,41.679608,0
12.508165,41.679610,0
12.508164,41.679611,0
12.508162,41.679613,0
12.508160,41.679616,0
12.508159,41.679617,0
12.508158,41.679619,0
12.508156,41.679621,0
12.508155,41.679623,0
12.508153,41.679625,0
12.508152,41.679627,0
12.508151,41.679629,0
12.508149,41.679631,0
12.508148,41.679633,0
12.508147,41.679634,0
12.508146,41.679636,0
12.508144,41.679639,0
12.508143,41.679641,0
12.508141,41.679645,0
12.508139,41.679647,0
12.508138,41.679649,0
12.508136,41.679651,0
12.508134,41.679654,0
12.508133,41.679656,0
12.508131,41.679659,0
12.508129,41.679662,0
12.508127,41.679664,0
12.508126,41.679666,0
12.508125,41.679668,0
12.508123,41.679670,0
12.508122,41.679672,0
12.508120,41.679673,0
12.508119,41.679675,0
12.508117,41.679678,0
12.508116,41.679679,0
12.508115,41.679681,0
12.508113,41.679683,0
12.508111,41.679685,0
12.508110,41.679687,0
12.508109,41.679688,0
12.508107,41.679691,0
12.508105,41.679693,0
12.508104,41.679695,0
12.508103,41.679696,0
12.508102,41.679698,0
12.508099,41.679701,0
12.508098,41.679702,0
12.508097,41.679703,0
12.508096,41.679705,0
12.508094,41.679708,0
12.508093,41.679709,0
12.508092,41.679711,0
12.508090,41.679713,0
12.508088,41.679716,0
12.508087,41.679717,0
12.508086,41.679718,0
12.508084,41.679720,0
12.508082,41.679723,0
12.508082,41.679725,0
12.508081,41.679726,0
12.508079,41.679728,0
12.508078,41.679731,0
12.508077,41.679732,0
12.508075,41.679735,0
12.508073,41.679738,0
12.508071,41.679741,0
12.508070,41.679743,0
12.508069,41.679746,0
12.508067,41.679748,0
12.508066,41.679751,0
12.508064,41.679754,0
12.508062,41.679756,0
12.508061,41.679758,0
12.508060,41.679760,0
12.508058,41.679763,0
12.508057,41.679764,0
12.508056,41.679766,0
12.508055,41.679768,0
12.508054,41.679770,0
12.508053,41.679772,0
12.508052,41.679774,0
12.508051,41.679776,0
12.508049,41.679778,0
12.508048,41.679780,0
12.508047,41.679781,0
12.508046,41.679784,0
12.508044,41.679786,0
12.508043,41.679788,0
12.508042,41.679789,0
12.508040,41.679791,0
12.508039,41.679794,0
12.508037,41.679795,0
12.508036,41.679797,0
12.508035,41.679799,0
12.508033,41.679801,0
12.508032,41.679803,0
12.508031,41.679804,0
12.508029,41.679806,0
12.508027,41.679809,0
12.508026,41.679810,0
12.508025,41.679812,0
12.508024,41.679814,0
12.508021,41.679817,0
12.508021,41.679818,0
12.508019,41.679819,0
12.508018,41.679821,0
12.508015,41.679824,0
12.508014,41.679825,0
12.508013,41.679827,0
12.508012,41.679829,0
12.508009,41.679831,0
12.508008,41.679833,0
12.508007,41.679834,0
12.508006,41.679836,0
12.508004,41.679839,0
12.508003,41.679840,0
12.508001,41.679843,0
12.507998,41.679846,0
12.507997,41.679849,0
12.507996,41.679851,0
12.507994,41.679854,0
12.507993,41.679856,0
12.507991,41.679858,0
12.507989,41.679861,0
12.507988,41.679864,0
12.507987,41.679866,0
12.507985,41.679868,0
12.507983,41.679870,0
12.507983,41.679872,0
12.507982,41.679873,0
12.507981,41.679875,0
12.507979,41.679878,0
12.507978,41.679879,0
12.507977,41.679881,0
12.507975,41.679883,0
12.507973,41.679885,0
12.507972,41.679887,0
12.507971,41.679888,0
12.507969,41.679890,0
12.507967,41.679893,0
12.507966,41.679894,0
12.507965,41.679895,0
12.507963,41.679897,0
12.507961,41.679900,0
12.507960,41.679901,0
12.507958,41.679903,0
12.507957,41.679904,0
12.507954,41.679907,0
12.507953,41.679908,0
12.507952,41.679910,0
12.507950,41.679912,0
12.507948,41.679915,0
12.507947,41.679916,0
12.507946,41.679917,0
12.507945,41.679919,0
12.507943,41.679922,0
12.507942,41.679923,0
12.507940,41.679925,0
12.507939,41.679927,0
12.507937,41.679929,0
12.507936,41.679930,0
12.507934,41.679932,0
12.507933,41.679934,0
12.507930,41.679936,0
12.507929,41.679938,0
12.507928,41.679939,0
12.507926,41.679941,0
12.507924,41.679943,0
12.507922,41.679945,0
12.507921,41.679946,0
12.507919,41.679948,0
12.507917,41.679950,0
12.507915,41.679951,0
12.507914,41.679953,0
12.507912,41.679955,0
12.507910,41.679957,0
12.507909,41.679958,0
12.507907,41.679960,0
12.507905,41.679962,0
12.507903,41.679964,0
12.507902,41.679965,0
12.507900,41.679967,0
12.507899,41.679969,0
12.507896,41.679971,0
12.507895,41.679973,0
12.507893,41.679974,0
12.507892,41.679976,0
12.507889,41.679978,0
12.507888,41.679980,0
12.507887,41.679981,0
12.507885,41.679983,0
12.507882,41.679985,0
12.507881,41.679986,0
12.507880,41.679988,0
12.507878,41.679990,0
12.507875,41.679992,0
12.507874,41.679993,0
12.507873,41.679994,0
12.507871,41.679997,0
12.507868,41.679999,0
12.507867,41.680000,0
12.507866,41.680001,0
12.507864,41.680003,0
12.507861,41.680006,0
12.507860,41.680007,0
12.507859,41.680009,0
12.507857,41.680010,0
12.507855,41.680013,0
12.507854,41.680014,0
12.507853,41.680016,0
12.507851,41.680018,0
12.507849,41.680021,0
12.507848,41.680022,0
12.507847,41.680023,0
12.507845,41.680025,0
12.507844,41.680028,0
12.507843,41.680029,0
12.507842,41.680031,0
12.507840,41.680033,0
12.507838,41.680036,0
12.507837,41.680037,0
12.507836,41.680038,0
12.507835,41.680040,0
12.507833,41.680043,0
12.507832,41.680044,0
12.507830,41.680046,0
12.507829,41.680048,0
12.507827,41.680050,0
12.507826,41.680052,0
12.507825,41.680053,0
12.507824,41.680056,0
12.507823,41.680058,0
12.507822,41.680060,0
12.507821,41.680061,0
12.507819,41.680063,0
12.507818,41.680066,0
12.507817,41.680067,0
12.507816,41.680069,0
12.507815,41.680071,0
12.507814,41.680073,0
12.507813,41.680075,0
12.507812,41.680077,0
12.507811,41.680079,0
12.507810,41.680081,0
12.507809,41.680083,0
12.507808,41.680084,0
12.507807,41.680086,0
12.507805,41.680089,0
12.507804,41.680091,0
12.507803,41.680092,0
12.507801,41.680094,0
12.507799,41.680096,0
12.507798,41.680098,0
12.507797,41.680099,0
12.507795,41.680101,0
12.507793,41.680103,0
12.507791,41.680104,0
12.507790,41.680106,0
12.507788,41.680107,0
12.507785,41.680110,0
12.507784,41.680111,0
12.507782,41.680112,0
12.507780,41.680114,0
12.507778,41.680116,0
12.507776,41.680118,0
12.507775,41.680119,0
12.507773,41.680121,0
12.507771,41.680124,0
12.507770,41.680125,0
12.507768,41.680129,0
12.507767,41.680131,0
12.507766,41.680133,0
12.507765,41.680134,0
12.507764,41.680137,0
12.507763,41.680139,0
12.507762,41.680141,0
12.507761,41.680142,0
12.507760,41.680144,0
12.507759,41.680147,0
12.507758,41.680149,0
12.507757,41.680150,0
12.507756,41.680152,0
12.507755,41.680155,0
12.507754,41.680158,0
12.507753,41.680158,0
12.507752,41.680160,0
12.507750,41.680163,0
12.507749,41.680164,0
12.507747,41.680165,0
12.507746,41.680167,0
12.507743,41.680169,0
12.507742,41.680171,0
12.507740,41.680172,0
12.507738,41.680174,0
12.507736,41.680176,0
12.507734,41.680177,0
12.507733,41.680178,0
12.507731,41.680180,0
12.507728,41.680182,0
12.507727,41.680184,0
12.507725,41.680185,0
12.507723,41.680187,0
12.507721,41.680189,0
12.507720,41.680190,0
12.507718,41.680192,0
12.507717,41.680194,0
12.507715,41.680196,0
12.507713,41.680198,0
12.507712,41.680199,0
12.507711,41.680201,0
12.507709,41.680204,0
12.507708,41.680205,0
12.507707,41.680206,0
12.507706,41.680208,0
12.507704,41.680211,0
12.507703,41.680213,0
12.507701,41.680215,0
12.507699,41.680218,0
12.507698,41.680220,0
12.507696,41.680222,0
12.507693,41.680225,0
12.507692,41.680227,0
12.507689,41.680230,0
12.507687,41.680232,0
12.507685,41.680234,0
12.507683,41.680236,0
12.507682,41.680238,0
12.507679,41.680240,0
12.507678,41.680241,0
12.507678,41.680243,0
12.507676,41.680245,0
12.507673,41.680247,0
12.507672,41.680248,0
12.507671,41.680249,0
12.507670,41.680250,0
12.507669,41.680251,0
12.507668,41.680252,0
12.507668,41.680252,0
12.507667,41.680252,0
12.507666,41.680252,0
12.507665,41.680253,0
12.507664,41.680253,0
12.507662,41.680253,0
12.507660,41.680253,0
12.507659,41.680253,0
12.507657,41.680253,0
12.507655,41.680252,0
12.507651,41.680250,0
12.507649,41.680249,0
12.507647,41.680248,0
12.507645,41.680246,0
12.507642,41.680243,0
12.507641,41.680241,0
12.507640,41.680240,0
12.507640,41.680237,0
12.507639,41.680234,0
12.507639,41.680232,0
12.507639,41.680230,0
12.507638,41.680228,0
12.507638,41.680225,0
12.507638,41.680223,0
12.507638,41.680221,0
12.507638,41.680219,0
12.507639,41.680216,0
12.507639,41.680214,0
12.507639,41.680212,0
12.507640,41.680210,0
12.507641,41.680207,0
12.507642,41.680205,0
12.507642,41.680204,0
12.507643,41.680201,0
12.507644,41.680199,0
12.507644,41.680197,0
12.507645,41.680195,0
12.507646,41.680193,0
12.507647,41.680190,0
12.507648,41.680189,0
12.507648,41.680187,0
12.507650,41.680185,0
12.507651,41.680182,0
12.507652,41.680181,0
12.507652,41.680179,0
12.507653,41.680177,0
12.507655,41.680174,0
12.507655,41.680172,0
12.507656,41.680171,0
12.507657,41.680169,0
12.507658,41.680166,0
12.507659,41.680164,0
12.507660,41.680162,0
12.507661,41.680160,0
12.507662,41.680158,0
12.507663,41.680156,0
12.507664,41.680154,0
12.507665,41.680152,0
12.507666,41.680149,0
12.507667,41.680148,0
12.507667,41.680146,0
12.507668,41.680144,0
12.507670,41.680141,0
12.507671,41.680140,0
12.507671,41.680138,0
12.507672,41.680136,0
12.507674,41.680133,0
12.507675,41.680132,0
12.507675,41.680130,0
12.507676,41.680128,0
12.507678,41.680125,0
12.507679,41.680123,0
12.507679,41.680122,0
12.507680,41.680120,0
12.507682,41.680117,0
12.507682,41.680115,0
12.507683,41.680114,0
12.507684,41.680112,0
12.507685,41.680109,0
12.507686,41.680107,0
12.507687,41.680106,0
12.507688,41.680104,0
12.507689,41.680101,0
12.507690,41.680099,0
12.507691,41.680098,0
12.507692,41.680095,0
12.507693,41.680093,0
12.507694,41.680091,0
12.507695,41.680090,0
12.507696,41.680087,0
12.507698,41.680085,0
12.507699,41.680083,0
12.507700,41.680082,0
12.507701,41.680080,0
12.507703,41.680077,0
12.507704,41.680076,0
12.507705,41.680074,0
12.507707,41.680072,0
12.507709,41.680070,0
12.507710,41.680069,0
12.507711,41.680067,0
12.507713,41.680065,0
12.507715,41.680063,0
12.507716,41.680061,0
12.507718,41.680060,0
12.507719,41.680058,0
12.507721,41.680056,0
12.507722,41.680054,0
12.507723,41.680053,0
12.507725,41.680051,0
12.507727,41.680048,0
12.507728,41.680047,0
12.507730,41.680046,0
12.507731,41.680044,0
12.507733,41.680041,0
12.507734,41.680040,0
12.507735,41.680038,0
12.507737,41.680036,0
12.507738,41.680033,0
12.507739,41.680032,0
12.507740,41.680031,0
12.507741,41.680028,0
12.507743,41.680026,0
12.507744,41.680024,0
12.507744,41.680023,0
12.507746,41.680021,0
12.507748,41.680018,0
12.507749,41.680016,0
12.507750,41.680015,0
12.507751,41.680013,0
12.507753,41.680010,0
12.507754,41.680009,0
12.507755,41.680008,0
12.507756,41.680006,0
12.507759,41.680003,0
12.507760,41.680002,0
12.507761,41.680000,0
12.507763,41.679998,0
12.507765,41.679996,0
12.507766,41.679995,0
12.507767,41.679993,0
12.507769,41.679992,0
12.507772,41.679989,0
12.507773,41.679988,0
12.507773,41.679988,0
12.507773,41.679988,0
12.507772,41.679988,0
12.507772,41.679988,0
12.507772,41.679988,0
12.507772,41.679988,0
12.507772,41.679988,0
12.507772,41.679988,0
12.507772,41.679988,0
12.507772,41.679988,0
12.507772,41.679988,0
12.507771,41.679988,0
12.507771,41.679988,0
12.507771,41.679988,0
12.507771,41.679988,0
12.507771,41.679988,0
12.507771,41.679988,0
12.507771,41.679988,0
12.507771,41.679987,0
12.507770,41.679988,0
12.507770,41.679988,0
12.507770,41.679988,0
12.507770,41.679988,0
12.507770,41.679988,0
12.507770,41.679988,0
12.507770,41.679988,0
12.507770,41.679987,0
12.507770,41.679987,0
12.507769,41.679987,0
12.507769,41.679987,0
12.507769,41.679987,0
12.507769,41.679987,0
12.507769,41.679987,0
12.507769,41.679987,0
12.507769,41.679987,0
12.507769,41.679987,0
12.507769,41.679987,0
12.507769,41.679987,0
12.507770,41.679986,0
12.507771,41.679985,0
12.507772,41.679984,0
12.507775,41.679981,0
12.507777,41.679979,0
12.507779,41.679977,0
12.507782,41.679974,0
12.507785,41.679971,0
12.507787,41.679969,0
12.507790,41.679967,0
12.507791,41.679965,0
12.507793,41.679963,0
12.507795,41.679961,0
12.507798,41.679959,0
12.507800,41.679957,0
12.507802,41.679955,0
12.507803,41.679954,0
12.507805,41.679952,0
12.507807,41.679951,0
12.507809,41.679949,0
12.507811,41.679947,0
12.507812,41.679946,0
12.507814,41.679944,0
12.507817,41.679942,0
12.507818,41.679941,0
12.507820,41.679940,0
12.507821,41.679938,0
12.507824,41.679936,0
12.507825,41.679935,0
12.507827,41.679934,0
12.507829,41.679932,0
12.507831,41.679930,0
12.507833,41.679929,0
12.507834,41.679927,0
12.507836,41.679926,0
12.507838,41.679924,0
12.507840,41.679922,0
12.507841,41.679921,0
12.507843,41.679919,0
12.507845,41.679917,0
12.507846,41.679916,0
12.507848,41.679915,0
12.507850,41.679913,0
12.507852,41.679911,0
12.507853,41.679910,0
12.507855,41.679908,0
12.507856,41.679907,0
12.507859,41.679904,0
12.507860,41.679903,0
12.507861,41.679902,0
12.507863,41.679900,0
12.507866,41.679898,0
12.507867,41.679897,0
12.507868,41.679896,0
12.507870,41.679894,0
12.507872,41.679892,0
12.507874,41.679890,0
12.507875,41.679889,0
12.507875,41.679892,0
12.507877,41.679890,0
12.507878,41.679888,0
12.507880,41.679887,0
12.507881,41.679885,0
12.507884,41.679883,0
12.507885,41.679882,0
12.507886,41.679880,0
12.507888,41.679878,0
12.507890,41.679876,0
12.507891,41.679875,0
12.507892,41.679874,0
12.507894,41.679872,0
12.507896,41.679870,0
12.507897,41.679868,0
12.507898,41.679867,0
12.507900,41.679865,0
12.507902,41.679863,0
12.507903,41.679861,0
12.507904,41.679860,0
12.507904,41.679860,0
12.507904,41.679860,0
12.507904,41.679860,0
12.507904,41.679860,0
12.507904,41.679860,0
12.507904,41.679860,0
12.507905,41.679859,0
12.507906,41.679858,0
12.507907,41.679856,0
12.507910,41.679854,0
12.507911,41.679853,0
12.507912,41.679851,0
12.507914,41.679849,0
12.507916,41.679847,0
12.507918,41.679846,0
12.507919,41.679844,0
12.507921,41.679842,0
12.507923,41.679840,0
12.507925,41.679839,0
12.507926,41.679837,0
12.507928,41.679835,0
12.507930,41.679833,0
12.507931,41.679832,0
12.507933,41.679830,0
12.507935,41.679829,0
12.507937,41.679826,0
12.507939,41.679825,0
12.507940,41.679824,0
12.507942,41.679822,0
12.507944,41.679820,0
12.507946,41.679818,0
12.507947,41.679817,0
12.507949,41.679815,0
12.507952,41.679813,0
12.507953,41.679812,0
12.507955,41.679810,0
12.507957,41.679809,0
12.507959,41.679806,0
12.507961,41.679805,0
12.507962,41.679804,0
12.507964,41.679802,0
12.507967,41.679800,0
12.507968,41.679798,0
12.507970,41.679797,0
12.507972,41.679795,0
12.507974,41.679793,0
12.507976,41.679792,0
12.507977,41.679790,0
12.507979,41.679789,0
12.507982,41.679786,0
12.507983,41.679785,0
12.507984,41.679784,0
12.507986,41.679782,0
12.507989,41.679780,0
12.507990,41.679778,0
12.507992,41.679777,0
12.507994,41.679775,0
12.507996,41.679773,0
12.507998,41.679772,0
12.507999,41.679770,0
12.508001,41.679768,0
12.508003,41.679766,0
12.508005,41.679765,0
12.508006,41.679763,0
12.508008,41.679762,0
12.508010,41.679759,0
12.508011,41.679758,0
12.508013,41.679756,0
12.508014,41.679755,0
12.508017,41.679752,0
12.508018,41.679751,0
12.508019,41.679749,0
12.508021,41.679747,0
12.508023,41.679745,0
12.508024,41.679744,0
12.508026,41.679742,0
12.508027,41.679740,0
12.508030,41.679738,0
12.508031,41.679736,0
12.508032,41.679735,0
12.508034,41.679733,0
12.508036,41.679731,0
12.508038,41.679729,0
12.508039,41.679728,0
12.508041,41.679726,0
12.508043,41.679724,0
12.508044,41.679722,0
12.508047,41.679720,0
12.508050,41.679717,0
12.508052,41.679715,0
12.508053,41.679713,0
12.508056,41.679710,0
12.508058,41.679709,0
12.508060,41.679706,0
12.508062,41.679705,0
12.508063,41.679703,0
12.508064,41.679702,0
12.508067,41.679700,0
12.508069,41.679698,0
12.508070,41.679696,0
12.508071,41.679695,0
12.508074,41.679693,0
12.508075,41.679692,0
12.508078,41.679688,0
12.508080,41.679686,0
12.508083,41.679684,0
12.508085,41.679681,0
12.508088,41.679678,0
12.508089,41.679677,0
12.508091,41.679675,0
12.508092,41.679674,0
12.508094,41.679672,0
12.508096,41.679670,0
12.508099,41.679668,0
12.508101,41.679665,0
12.508104,41.679663,0
12.508106,41.679660,0
12.508109,41.679657,0
12.508112,41.679655,0
12.508114,41.679652,0
12.508117,41.679649,0
12.508120,41.679647,0
12.508121,41.679646,0
12.508122,41.679644,0
12.508124,41.679643,0
12.508126,41.679640,0
12.508128,41.679639,0
12.508130,41.679636,0
12.508133,41.679633,0
12.508135,41.679631,0
12.508137,41.679629,0
12.508139,41.679626,0
12.508142,41.679624,0
12.508143,41.679622,0
12.508146,41.679619,0
12.508148,41.679617,0
12.508151,41.679615,0
12.508153,41.679612,0
12.508155,41.679610,0
12.508157,41.679608,0
12.508158,41.679607,0
12.508160,41.679605,0
12.508162,41.679604,0
12.508164,41.679601,0
12.508165,41.679600,0
12.508167,41.679598,0
12.508170,41.679595,0
12.508171,41.679594,0
12.508173,41.679592,0
12.508175,41.679589,0
12.508177,41.679587,0
12.508179,41.679586,0
12.508180,41.679584,0
12.508181,41.679583,0
12.508183,41.679581,0
12.508184,41.679580,0
12.508186,41.679578,0
12.508188,41.679576,0
12.508189,41.679575,0
12.508191,41.679573,0
12.508194,41.679571,0
12.508195,41.679570,0
12.508197,41.679569,0
12.508199,41.679567,0
12.508202,41.679565,0
12.508203,41.679564,0
12.508205,41.679562,0
12.508207,41.679561,0
12.508210,41.679558,0
12.508211,41.679557,0
12.508213,41.679556,0
12.508215,41.679554,0
12.508217,41.679552,0
12.508219,41.679551,0
12.508220,41.679549,0
12.508224,41.679546,0
12.508225,41.679546,0
12.508226,41.679544,0
12.508228,41.679543,0
12.508228,41.679545,0
12.508230,41.679543,0
12.508232,41.679542,0
12.508233,41.679540,0
12.508235,41.679539,0
12.508238,41.679536,0
12.508239,41.679535,0
12.508240,41.679534,0
12.508242,41.679532,0
12.508245,41.679530,0
12.508246,41.679528,0
12.508248,41.679527,0
12.508250,41.679525,0
12.508252,41.679523,0
12.508253,41.679521,0
12.508255,41.679520,0
12.508257,41.679518,0
12.508259,41.679516,0
12.508260,41.679515,0
12.508262,41.679513,0
12.508264,41.679511,0
12.508266,41.679509,0
12.508267,41.679508,0
12.508269,41.679506,0
12.508271,41.679504,0
12.508273,41.679502,0
12.508274,41.679501,0
12.508276,41.679498,0
12.508280,41.679495,0
12.508282,41.679493,0
12.508283,41.679491,0
12.508286,41.679489,0
12.508288,41.679487,0
12.508291,41.679485,0
12.508293,41.679482,0
12.508296,41.679480,0
12.508297,41.679478,0
12.508299,41.679477,0
12.508301,41.679474,0
12.508303,41.679473,0
12.508304,41.679471,0
12.508306,41.679469,0
12.508308,41.679467,0
12.508309,41.679466,0
12.508310,41.679464,0
12.508312,41.679462,0
12.508315,41.679460,0
12.508316,41.679459,0
12.508317,41.679457,0
12.508319,41.679455,0
12.508321,41.679453,0
12.508323,41.679451,0
12.508324,41.679450,0
12.508325,41.679448,0
12.508328,41.679446,0
12.508329,41.679444,0
12.508330,41.679443,0
12.508332,41.679441,0
12.508335,41.679439,0
12.508336,41.679438,0
12.508337,41.679436,0
12.508339,41.679434,0
12.508342,41.679432,0
12.508343,41.679430,0
12.508344,41.679429,0
12.508346,41.679427,0
12.508348,41.679425,0
12.508349,41.679423,0
12.508351,41.679422,0
12.508352,41.679420,0
12.508355,41.679417,0
12.508356,41.679416,0
12.508357,41.679415,0
12.508359,41.679413,0
12.508361,41.679410,0
12.508363,41.679409,0
12.508364,41.679407,0
12.508366,41.679406,0
12.508368,41.679403,0
12.508369,41.679402,0
12.508370,41.679400,0
12.508372,41.679398,0
12.508374,41.679396,0
12.508376,41.679394,0
12.508377,41.679393,0
12.508379,41.679391,0
12.508381,41.679389,0
12.508382,41.679387,0
12.508383,41.679386,0
12.508385,41.679384,0
12.508387,41.679381,0
12.508389,41.679380,0
12.508390,41.679378,0
12.508392,41.679377,0
12.508394,41.679374,0
12.508396,41.679373,0
12.508397,41.679371,0
12.508399,41.679369,0
12.508401,41.679367,0
12.508402,41.679366,0
12.508404,41.679364,0
12.508405,41.679362,0
12.508408,41.679360,0
12.508409,41.679358,0
12.508410,41.679357,0
12.508412,41.679355,0
12.508414,41.679353,0
12.508415,41.679351,0
12.508416,41.679350,0
12.508418,41.679348,0
12.508420,41.679345,0
12.508422,41.679344,0
12.508423,41.679342,0
12.508425,41.679340,0
12.508427,41.679338,0
12.508428,41.679336,0
12.508429,41.679335,0
12.508431,41.679333,0
12.508433,41.679331,0
12.508435,41.679329,0
12.508436,41.679328,0
12.508438,41.679326,0
12.508440,41.679323,0
12.508441,41.679322,0
12.508442,41.679320,0
12.508444,41.679319,0
12.508446,41.679316,0
12.508447,41.679315,0
12.508449,41.679313,0
12.508450,41.679311,0
12.508452,41.679309,0
12.508454,41.679307,0
12.508455,41.679306,0
12.508458,41.679302,0
12.508459,41.679301,0
12.508460,41.679300,0
12.508461,41.679298,0
12.508463,41.679296,0
12.508465,41.679294,0
12.508467,41.679292,0
12.508468,41.679291,0
12.508470,41.679289,0
12.508472,41.679287,0
12.508473,41.679285,0
12.508475,41.679283,0
12.508478,41.679280,0
12.508480,41.679277,0
12.508482,41.679275,0
12.508484,41.679273,0
12.508486,41.679271,0
12.508488,41.679268,0
12.508490,41.679267,0
12.508491,41.679265,0
12.508492,41.679264,0
12.508495,41.679261,0
12.508497,41.679258,0
12.508499,41.679255,0
12.508501,41.679254,0
12.508502,41.679252,0
12.508505,41.679249,0
12.508507,41.679247,0
12.508509,41.679245,0
12.508511,41.679243,0
12.508512,41.679241,0
12.508513,41.679240,0
12.508515,41.679238,0
12.508517,41.679235,0
12.508518,41.679234,0
12.508520,41.679232,0
12.508521,41.679230,0
12.508524,41.679228,0
12.508525,41.679226,0
12.508527,41.679224,0
12.508530,41.679221,0
12.508533,41.679219,0
12.508535,41.679217,0
12.508538,41.679215,0
12.508540,41.679213,0
12.508543,41.679211,0
12.508544,41.679210,0
12.508546,41.679209,0
12.508547,41.679208,0
12.508550,41.679205,0
12.508552,41.679204,0
12.508554,41.679203,0
12.508555,41.679202,0
12.508558,41.679199,0
12.508559,41.679198,0
12.508563,41.679196,0
12.508566,41.679193,0
12.508568,41.679191,0
12.508571,41.679189,0
12.508574,41.679186,0
12.508576,41.679185,0
12.508576,41.679187,0
12.508577,41.679185,0
12.508580,41.679183,0
12.508583,41.679180,0
12.508586,41.679178,0
12.508587,41.679177,0
12.508589,41.679175,0
12.508592,41.679173,0
12.508594,41.679171,0
12.508597,41.679169,0
12.508600,41.679167,0
12.508601,41.679165,0
12.508604,41.679163,0
12.508607,41.679161,0
12.508610,41.679159,0
12.508612,41.679157,0
12.508616,41.679155,0
12.508619,41.679153,0
12.508620,41.679152,0
12.508624,41.679149,0
12.508627,41.679148,0
12.508629,41.679146,0
12.508629,41.679146,0
12.508629,41.679146,0
12.508629,41.679146,0
12.508629,41.679146,0
12.508629,41.679146,0
12.508629,41.679146,0
12.508629,41.679146,0
12.508628,41.679146,0
12.508628,41.679146,0
12.508628,41.679146,0
12.508628,41.679146,0
12.508628,41.679146,0
12.508628,41.679146,0
12.508628,41.679146,0
12.508628,41.679146,0
12.508628,41.679146,0
12.508627,41.679146,0
12.508627,41.679146,0
12.508627,41.679146,0
12.508627,41.679146,0
12.508627,41.679146,0
12.508627,41.679146,0
12.508627,41.679146,0
12.508627,41.679145,0
12.508626,41.679145,0
12.508626,41.679145,0
12.508626,41.679145,0
12.508626,41.679145,0
12.508626,41.679145,0
12.508626,41.679145,0
12.508626,41.679145,0
12.508626,41.679145,0
12.508626,41.679145,0
12.508625,41.679145,0
12.508625,41.679145,0
12.508625,41.679145,0
12.508625,41.679145,0
12.508625,41.679145,0
12.508625,41.679145,0
12.508625,41.679145,0
12.508625,41.679145,0
12.508625,41.679145,0
12.508624,41.679145,0
12.508624,41.679145,0
12.508624,41.679145,0
12.508624,41.679145,0
12.508624,41.679145,0
12.508624,41.679145,0
12.508624,41.679145,0
12.508624,41.679145,0
12.508624,41.679145,0
12.508623,41.679145,0
12.508623,41.679145,0
12.508623,41.679145,0
12.508623,41.679145,0
12.508623,41.679145,0
12.508623,41.679145,0
12.508623,41.679145,0
12.508623,41.679145,0
12.508623,41.679144,0
12.508622,41.679144,0
12.508622,41.679144,0
12.508622,41.679144,0
12.508622,41.679144,0
12.508623,41.679144,0
12.508624,41.679143,0
12.508624,41.679143,0
12.508625,41.679142,0
12.508627,41.679141,0
12.508628,41.679140,0
12.508631,41.679137,0
12.508635,41.679135,0
12.508637,41.679133,0
12.508640,41.679131,0
12.508644,41.679129,0
12.508647,41.679127,0
12.508650,41.679125,0
12.508652,41.679124,0
12.508654,41.679122,0
12.508657,41.679120,0
12.508659,41.679119,0
12.508660,41.679118,0
12.508663,41.679116,0
12.508666,41.679114,0
12.508667,41.679113,0
12.508668,41.679112,0
12.508671,41.679110,0
12.508671,41.679110,0
12.508671,41.679110,0
12.508671,41.679110,0
12.508670,41.679110,0
12.508670,41.679110,0
12.508670,41.679110,0
12.508670,41.679110,0
12.508670,41.679110,0
12.508670,41.679110,0
12.508670,41.679110,0
12.508670,41.679110,0
12.508670,41.679110,0
12.508669,41.679110,0
12.508669,41.679110,0
12.508669,41.679110,0
12.508669,41.679110,0
12.508669,41.679110,0
12.508669,41.679110,0
12.508669,41.679110,0
12.508669,41.679110,0
12.508668,41.679110,0
12.508668,41.679110,0
12.508668,41.679110,0
12.508668,41.679110,0
12.508668,41.679110,0
12.508668,41.679110,0
12.508668,41.679110,0
12.508668,41.679110,0
12.508668,41.679110,0
12.508667,41.679110,0
12.508667,41.679110,0
12.508667,41.679110,0
12.508667,41.679110,0
12.508667,41.679110,0
12.508667,41.679110,0
12.508667,41.679110,0
12.508667,41.679110,0
12.508667,41.679110,0
12.508666,41.679109,0
12.508666,41.679109,0
12.508666,41.679109,0
12.508666,41.679109,0
12.508666,41.679109,0
12.508666,41.679109,0
12.508666,41.679109,0
12.508667,41.679108,0
12.508668,41.679107,0
12.508669,41.679106,0
12.508673,41.679104,0
12.508676,41.679102,0
12.508677,41.679101,0
12.508680,41.679099,0
12.508682,41.679097,0
12.508684,41.679096,0
12.508686,41.679095,0
12.508687,41.679094,0
12.508691,41.679092,0
12.508693,41.679091,0
12.508695,41.679090,0
12.508697,41.679089,0
12.508700,41.679087,0
12.508701,41.679086,0
12.508705,41.679084,0
12.508708,41.679082,0
12.508711,41.679079,0
12.508713,41.679077,0
12.508716,41.679074,0
12.508718,41.679073,0
12.508719,41.679072,0
12.508720,41.679070,0
12.508723,41.679067,0
12.508725,41.679066,0
12.508726,41.679065,0
12.508727,41.679064,0
12.508730,41.679061,0
12.508731,41.679060,0
12.508734,41.679057,0
12.508736,41.679055,0
12.508739,41.679052,0
12.508741,41.679050,0
12.508744,41.679047,0
12.508747,41.679044,0
12.508750,41.679042,0
12.508751,41.679041,0
12.508753,41.679039,0
12.508755,41.679037,0
12.508757,41.679035,0
12.508758,41.679034,0
12.508760,41.679032,0
12.508762,41.679030,0
12.508763,41.679028,0
12.508765,41.679027,0
12.508767,41.679025,0
12.508769,41.679023,0
12.508770,41.679021,0
12.508771,41.679020,0
12.508773,41.679018,0
12.508776,41.679016,0
12.508777,41.679014,0
12.508778,41.679013,0
12.508780,41.679011,0
12.508782,41.679009,0
12.508783,41.679007,0
12.508785,41.679006,0
12.508786,41.679004,0
12.508789,41.679002,0
12.508790,41.679000,0
12.508791,41.678999,0
12.508793,41.678997,0
12.508796,41.678995,0
12.508797,41.678993,0
12.508798,41.678992,0
12.508800,41.678990,0
12.508803,41.678988,0
12.508804,41.678986,0
12.508805,41.678985,0
12.508807,41.678983,0
12.508809,41.678981,0
12.508810,41.678979,0
12.508813,41.678977,0
12.508816,41.678974,0
12.508818,41.678972,0
12.508819,41.678970,0
12.508822,41.678967,0
12.508825,41.678964,0
12.508826,41.678963,0
12.508827,41.678961,0
12.508829,41.678960,0
12.508830,41.678959,0
12.508832,41.678956,0
12.508833,41.678955,0
12.508835,41.678953,0
12.508836,41.678952,0
12.508838,41.678949,0
12.508840,41.678948,0
12.508842,41.678945,0
12.508845,41.678942,0
12.508847,41.678940,0
12.508849,41.678938,0
12.508852,41.678935,0
12.508853,41.678933,0
12.508855,41.678932,0
12.508856,41.678931,0
12.508858,41.678928,0
12.508859,41.678926,0
12.508862,41.678924,0
12.508864,41.678921,0
12.508866,41.678919,0
12.508869,41.678916,0
12.508871,41.678913,0
12.508873,41.678912,0
12.508874,41.678910,0
12.508875,41.678909,0
12.508877,41.678906,0
12.508878,41.678905,0
12.508881,41.678902,0
12.508883,41.678899,0
12.508885,41.678897,0
12.508887,41.678894,0
12.508890,41.678891,0
12.508892,41.678890,0
12.508893,41.678889,0
12.508894,41.678887,0
12.508896,41.678885,0
12.508897,41.678883,0
12.508900,41.678880,0
12.508902,41.678878,0
12.508906,41.678874,0
12.508907,41.678873,0
12.508910,41.678870,0
12.508911,41.678868,0
12.508912,41.678867,0
12.508913,41.678866,0
12.508916,41.678863,0
12.508917,41.678862,0
12.508920,41.678859,0
12.508922,41.678856,0
12.508924,41.678854,0
12.508927,41.678852,0
12.508930,41.678849,0
12.508932,41.678846,0
12.508934,41.678844,0
12.508934,41.678845,0
12.508936,41.678843,0
12.508938,41.678841,0
12.508939,41.678840,0
12.508941,41.678838,0
12.508943,41.678836,0
12.508945,41.678834,0
12.508946,41.678833,0
12.508947,41.678831,0
12.508949,41.678829,0
12.508951,41.678827,0
12.508953,41.678826,0
12.508954,41.678824,0
12.508956,41.678822,0
12.508958,41.678820,0
12.508959,41.678819,0
12.508960,41.678817,0
12.508962,41.678816,0
12.508964,41.678813,0
12.508966,41.678812,0
12.508967,41.678810,0
12.508968,41.678809,0
12.508971,41.678806,0
12.508972,41.678805,0
12.508973,41.678803,0
12.508975,41.678801,0
12.508977,41.678799,0
12.508978,41.678798,0
12.508980,41.678796,0
12.508981,41.678794,0
12.508984,41.678792,0
12.508985,41.678791,0
12.508986,41.678789,0
12.508988,41.678787,0
12.508990,41.678785,0
12.508992,41.678783,0
12.508993,41.678782,0
12.508995,41.678780,0
12.508997,41.678778,0
12.508998,41.678776,0
12.509000,41.678775,0
12.509001,41.678773,0
12.509004,41.678771,0
12.509005,41.678769,0
12.509006,41.678768,0
12.509008,41.678766,0
12.509010,41.678764,0
12.509012,41.678762,0
12.509013,41.678761,0
12.509015,41.678759,0
12.509017,41.678757,0
12.509018,41.678755,0
12.509019,41.678754,0
12.509021,41.678752,0
12.509024,41.678750,0
12.509025,41.678748,0
12.509026,41.678747,0
12.509028,41.678745,0
12.509031,41.678743,0
12.509032,41.678742,0
12.509034,41.678741,0
12.509037,41.678740,0
12.509040,41.678738,0
12.509042,41.678738,0
12.509044,41.678737,0
12.509047,41.678736,0
12.509051,41.678736,0
12.509053,41.678736,0
12.509057,41.678736,0
12.509061,41.678737,0
12.509065,41.678738,0
12.509067,41.678739,0
12.509070,41.678741,0
12.509072,41.678744,0
12.509073,41.678747,0
12.509074,41.678750,0
12.509074,41.678753,0
12.509072,41.678764,0
12.509072,41.678765,0
12.509071,41.678766,0
12.509071,41.678768,0
12.509069,41.678771,0
12.509069,41.678773,0
12.509068,41.678775,0
12.509067,41.678776,0
12.509066,41.678779,0
12.509065,41.678780,0
12.509063,41.678784,0
12.509061,41.678787,0
12.509060,41.678789,0
12.509058,41.678792,0
12.509057,41.678795,0
12.509055,41.678798,0
12.509053,41.678801,0
12.509053,41.678802,0
12.509052,41.678805,0
12.509050,41.678808,0
12.509049,41.678809,0
12.509048,41.678811,0
12.509047,41.678813,0
12.509046,41.678816,0
12.509045,41.678817,0
12.509044,41.678819,0
12.509043,41.678821,0
12.509042,41.678824,0
12.509041,41.678825,0
12.509040,41.678827,0
12.509039,41.678829,0
12.509038,41.678832,0
12.509037,41.678833,0
12.509036,41.678835,0
12.509034,41.678839,0
12.509033,41.678840,0
12.509033,41.678841,0
12.509032,41.678843,0
12.509031,41.678845,0
12.509029,41.678848,0
12.509028,41.678849,0
12.509027,41.678851,0
12.509026,41.678853,0
12.509025,41.678856,0
12.509024,41.678857,0
12.509023,41.678859,0
12.509022,41.678861,0
12.509020,41.678864,0
12.509019,41.678865,0
12.509018,41.678867,0
12.509017,41.678869,0
12.509016,41.678871,0
12.509015,41.678873,0
12.509014,41.678874,0
12.509012,41.678877,0
12.509011,41.678879,0
12.509009,41.678881,0
12.509008,41.678882,0
12.509007,41.678884,0
12.509005,41.678887,0
12.509004,41.678888,0
12.509003,41.678889,0
12.509003,41.678890,0
12.509001,41.678892,0
12.509000,41.678894,0
12.508999,41.678895,0
12.508998,41.678897,0
12.508996,41.678900,0
12.508995,41.678901,0
12.508994,41.678903,0
12.508992,41.678905,0
12.508990,41.678907,0
12.508989,41.678909,0
12.508988,41.678910,0
12.508987,41.678912,0
12.508985,41.678915,0
12.508984,41.678916,0
12.508983,41.678918,0
12.508981,41.678920,0
12.508980,41.678923,0
12.508979,41.678924,0
12.508978,41.678926,0
12.508976,41.678928,0
12.508974,41.678930,0
12.508973,41.678932,0
12.508972,41.678934,0
12.508971,41.678936,0
12.508969,41.678938,0
12.508968,41.678940,0
12.508967,41.678941,0
12.508965,41.678943,0
12.508964,41.678946,0
12.508963,41.678947,0
12.508962,41.678949,0
12.508960,41.678951,0
12.508959,41.678954,0
12.508958,41.678955,0
12.508957,41.678957,0
12.508955,41.678959,0
12.508954,41.678962,0
12.508953,41.678963,0
12.508952,41.678965,0
12.508951,41.678967,0
12.508949,41.678969,0
12.508948,41.678971,0
12.508947,41.678973,0
12.508945,41.678975,0
12.508944,41.678977,0
12.508943,41.678979,0
12.508942,41.678980,0
12.508940,41.678983,0
12.508939,41.678986,0
12.508938,41.678987,0
12.508936,41.678989,0
12.508935,41.678991,0
12.508933,41.678993,0
12.508932,41.678995,0
12.508931,41.678996,0
12.508930,41.678998,0
12.508930,41.679001,0
12.508929,41.679003,0
12.508928,41.679004,0
12.508926,41.679006,0
12.508924,41.679009,0
12.508923,41.679010,0
12.508922,41.679012,0
12.508920,41.679014,0
12.508918,41.679016,0
12.508917,41.679018,0
12.508916,41.679019,0
12.508914,41.679021,0
12.508912,41.679024,0
12.508911,41.679025,0
12.508910,41.679027,0
12.508909,41.679029,0
12.508907,41.679032,0
12.508906,41.679033,0
12.508905,41.679035,0
12.508904,41.679037,0
12.508902,41.679039,0
12.508901,41.679041,0
12.508900,41.679042,0
12.508898,41.679044,0
12.508897,41.679047,0
12.508896,41.679049,0
12.508895,41.679050,0
12.508893,41.679052,0
12.508892,41.679055,0
12.508891,41.679057,0
12.508890,41.679058,0
12.508889,41.679060,0
12.508888,41.679063,0
12.508888,41.679065,0
12.508887,41.679067,0
12.508886,41.679069,0
12.508886,41.679072,0
12.508886,41.679073,0
12.508886,41.679075,0
12.508886,41.679077,0
12.508886,41.679080,0
12.508887,41.679082,0
12.508887,41.679083,0
12.508888,41.679086,0
12.508889,41.679088,0
12.508890,41.679090,0
12.508890,41.679092,0
12.508892,41.679093,0
12.508894,41.679096,0
12.508896,41.679098,0
12.508897,41.679100,0
12.508900,41.679103,0
12.508903,41.679105,0
12.508906,41.679106,0
12.508907,41.679107,0
12.508909,41.679108,0
12.508911,41.679109,0
12.508913,41.679111,0
12.508915,41.679112,0
12.508918,41.679114,0
12.508921,41.679115,0
12.508923,41.679116,0
12.508925,41.679117,0
12.508926,41.679118,0
12.508929,41.679119,0
12.508932,41.679121,0
12.508936,41.679122,0
12.508939,41.679124,0
12.508941,41.679125,0
12.508943,41.679126,0
12.508947,41.679127,0
12.508949,41.679128,0
12.508951,41.679129,0
12.508953,41.679130,0
12.508956,41.679131,0
12.508958,41.679132,0
12.508960,41.679133,0
12.508963,41.679134,0
12.508966,41.679135,0
12.508970,41.679136,0
12.508972,41.679137,0
12.508977,41.679138,0
12.508980,41.679139,0
12.508984,41.679140,0
12.508986,41.679141,0
12.508987,41.679142,0
12.508989,41.679142,0
12.508992,41.679143,0
12.508994,41.679143,0
12.508998,41.679145,0
12.509001,41.679146,0
12.509004,41.679146,0
12.509006,41.679147,0
12.509007,41.679147,0
12.509010,41.679148,0
12.509014,41.679149,0
12.509016,41.679150,0
12.509018,41.679150,0
12.509020,41.679151,0
12.509024,41.679153,0
12.509026,41.679153,0
12.509028,41.679154,0
12.509030,41.679155,0
12.509035,41.679156,0
12.509037,41.679157,0
12.509038,41.679157,0
12.509040,41.679158,0
12.509045,41.679159,0
12.509047,41.679160,0
12.509049,41.679160,0
12.509051,41.679161,0
12.509056,41.679161,0
12.509058,41.679161,0
12.509060,41.679162,0
12.509062,41.679162,0
12.509067,41.679162,0
12.509070,41.679162,0
12.509071,41.679162,0
12.509074,41.679162,0
12.509078,41.679162,0
12.509080,41.679161,0
12.509082,41.679161,0
12.509084,41.679161,0
12.509089,41.679160,0
12.509093,41.679159,0
12.509097,41.679157,0
12.509098,41.679156,0
12.509101,41.679155,0
12.509104,41.679153,0
12.509105,41.679152,0
12.509107,41.679151,0
12.509109,41.679149,0
12.509111,41.679146,0
12.509113,41.679143,0
12.509113,41.679143,0
12.509113,41.679143,0
12.509113,41.679143,0
12.509113,41.679143,0
12.509113,41.679143,0
12.509112,41.679143,0
12.509112,41.679143,0
12.509112,41.679143,0
12.509112,41.679143,0
12.509112,41.679143,0
12.509112,41.679143,0
12.509112,41.679143,0
12.509112,41.679143,0
12.509112,41.679143,0
12.509111,41.679143,0
12.509111,41.679143,0
12.509111,41.679143,0
12.509111,41.679143,0
12.509111,41.679143,0
12.509111,41.679143,0
12.509111,41.679143,0
12.509111,41.679143,0
12.509110,41.679143,0
12.509110,41.679142,0
12.509110,41.679142,0
12.509110,41.679142,0
12.509110,41.679142,0
