12.508439,41.679091,0
12.508440,41.679090,0
12.508441,41.679088,0
12.508442,41.679087,0
12.508443,41.679086,0
12.508445,41.679084,0
12.508447,41.679091,0
12.508448,41.679090,0
12.508437,41.679088,0
12.508440,41.679086,0
12.508441,41.679084,0
12.508430,41.679092,0
12.508432,41.679090,0
12.508434,41.679087,0
12.508436,41.679086,0
12.508437,41.679084,0
12.508439,41.679092,0
12.508429,41.679089,0
12.508425,41.679097,0
12.508425,41.679096,0
12.508427,41.679104,0
12.508417,41.679110,0
12.508418,41.679108,0
12.508409,41.679112,0
12.508410,41.679111,0
12.508411,41.679118,0
12.508412,41.679117,0
12.508413,41.679124,0
12.508403,41.679121,0
12.508404,41.679128,0
12.508393,41.679127,0
12.508394,41.679134,0
12.508384,41.679131,0
12.508385,41.679138,0
12.508386,41.679137,0
12.508387,41.679144,0
12.508377,41.679150,0
12.508378,41.679148,0
12.508379,41.679156,0
12.508380,41.679154,0
12.508370,41.679160,0
12.508371,41.679158,0
12.508360,41.679166,0
12.508361,41.679164,0
12.508363,41.679170,0
12.508352,41.679169,0
12.508353,41.679176,0
12.508354,41.679174,0
12.508356,41.679180,0
12.508357,41.679188,0
12.508359,41.679186,0
12.508360,41.679184,0
12.508350,41.679191,0
12.508351,41.679198,0
12.508352,41.679196,0
12.508354,41.679203,0
12.508356,41.679210,0
12.508357,41.679208,0
12.508358,41.679216,0
12.508359,41.679214,0
12.508361,41.679220,0
12.508363,41.679228,0
12.508352,41.679226,0
12.508353,41.679224,0
12.508355,41.679231,0
12.508356,41.679238,0
12.508358,41.679237,0
12.508359,41.679244,0
12.508349,41.679241,0
12.508351,41.679240,0
12.508340,41.679246,0
12.508343,41.679243,0
12.508345,41.679249,0
12.508346,41.679247,0
12.508349,41.679253,0
12.508339,41.679260,0
12.508340,41.679267,0
12.508341,41.679265,0
12.508330,41.679264,0
12.508331,41.679262,0
12.508321,41.679260,0
12.508311,41.679266,0
12.508300,41.679265,0
12.508301,41.679264,0
12.508291,41.679270,0
12.508292,41.679268,0
12.508294,41.679265,0
12.508284,41.679272,0
12.508286,41.679269,0
12.508275,41.679266,0
12.508278,41.679272,0
12.508280,41.679278,0
12.508281,41.679275,0
12.508282,41.679283,0
12.508284,41.679281,0
12.508273,41.679287,0
12.508274,41.679285,0
12.508275,41.679284,0
12.508277,41.679290,0
12.508278,41.679297,0
12.508279,41.679295,0
12.508280,41.679303,0
12.508281,41.679300,0
12.508282,41.679307,0
12.508283,41.679305,0
12.508284,41.679304,0
12.508273,41.679310,0
12.508275,41.679316,0
12.508275,41.679315,0
12.508276,41.679314,0
12.508277,41.679311,0
12.508267,41.679317,0
12.508268,41.679316,0
12.508269,41.679314,0
12.508270,41.679321,0
12.508260,41.679318,0
12.508261,41.679317,0
12.508250,41.679315,0
12.508251,41.679322,0
12.508241,41.679319,0
12.508242,41.679327,0
12.508243,41.679324,0
12.508245,41.679339,0
12.508247,41.679336,0
12.508248,41.679343,0
12.508238,41.679340,0
12.508240,41.679346,0
12.508241,41.679353,0
12.508243,41.679359,0
12.508244,41.679365,0
12.508233,41.679363,0
12.508235,41.679368,0
12.508249,41.679375,0
12.508240,41.679379,0
12.508241,41.679378,0
12.508242,41.679376,0
12.508243,41.679383,0
12.508244,41.679381,0
12.508245,41.679380,0
12.508246,41.679387,0
12.508236,41.679384,0
12.508236,41.679392,0
12.508239,41.679398,0
12.508228,41.679395,0
12.508230,41.679401,0
12.508220,41.679398,0
12.508222,41.679404,0
12.508223,41.679402,0
12.508224,41.679410,0
12.508213,41.679409,0
12.508216,41.679414,0
12.508217,41.679412,0
12.508209,41.679424,0
12.508210,41.679423,0
12.508212,41.679421,0
12.508201,41.679428,0
12.508214,41.679427,0
12.508203,41.679433,0
12.508205,41.679440,0
12.508206,41.679438,0
12.508207,41.679437,0
12.508208,41.679444,0
12.508198,41.679450,0
12.508199,41.679448,0
12.508200,41.679447,0
12.508201,41.679454,0
12.508203,41.679451,0
12.508192,41.679459,0
12.508193,41.679457,0
12.508195,41.679464,0
12.508196,41.679461,0
12.508185,41.679460,0
12.508186,41.679467,0
12.508188,41.679465,0
12.508189,41.679471,0
12.508190,41.679470,0
12.508191,41.679468,0
12.508192,41.679466,0
12.508182,41.679472,0
12.508183,41.679471,0
12.508184,41.679469,0
12.508185,41.679476,0
12.508185,41.679482,0
12.508186,41.679481,0
12.508187,41.679488,0
12.508176,41.679486,0
12.508178,41.679492,0
12.508179,41.679500,0
12.508180,41.679497,0
12.508170,41.679502,0
12.508172,41.679509,0
12.508173,41.679507,0
12.508175,41.679512,0
12.508177,41.679510,0
12.508178,41.679508,0
12.508167,41.679506,0
12.508168,41.679514,0
12.508169,41.679512,0
12.508159,41.679519,0
12.508161,41.679517,0
12.508162,41.679524,0
12.508163,41.679523,0
12.508165,41.679520,0
12.508154,41.679528,0
12.508156,41.679524,0
12.508158,41.679531,0
12.508148,41.679528,0
12.508150,41.679534,0
12.508140,41.679531,0
12.508141,41.679538,0
12.508142,41.679537,0
12.508143,41.679535,0
12.508145,41.679541,0
12.508146,41.679549,0
12.508147,41.679555,0
12.508149,41.679561,0
12.508138,41.679558,0
12.508140,41.679564,0
12.508130,41.679570,0
12.508131,41.679567,0
12.508121,41.679573,0
12.508122,41.679571,0
12.508123,41.679569,0
12.508112,41.679575,0
12.508113,41.679574,0
12.508102,41.679572,0
12.508104,41.679579,0
12.508105,41.679576,0
12.508106,41.679584,0
12.508095,41.679582,0
12.508096,41.679580,0
12.508098,41.679586,0
12.508099,41.679585,0
12.508088,41.679593,0
12.508090,41.679590,0
12.508091,41.679588,0
12.508080,41.679586,0
12.508081,41.679594,0
12.508083,41.679591,0
12.508072,41.679589,0
12.508073,41.679587,0
12.508074,41.679595,0
12.508076,41.679592,0
12.508065,41.679590,0
12.508066,41.679588,0
12.508055,41.679587,0
12.508056,41.679593,0
12.508058,41.679591,0
12.508047,41.679598,0
12.508048,41.679596,0
12.508049,41.679594,0
12.508038,41.679592,0
12.508039,41.679599,0
12.508028,41.679597,0
12.508029,41.679595,0
12.508018,41.679601,0
12.508019,41.679600,0
12.508020,41.679598,0
12.508021,41.679605,0
12.508022,41.679602,0
12.508023,41.679609,0
12.508024,41.679608,0
12.508037,41.679612,0
12.508037,41.679621,0
12.508038,41.679619,0
12.508038,41.679626,0
12.508038,41.679624,0
12.508051,41.679630,0
12.508051,41.679637,0
12.508051,41.679635,0
12.508051,41.679642,0
12.508051,41.679639,0
12.508050,41.679637,0
12.508062,41.679643,0
12.508049,41.679642,0
12.508048,41.679649,0
12.508047,41.679647,0
12.508058,41.679653,0
12.508057,41.679651,0
12.508056,41.679650,0
12.508055,41.679658,0
12.508053,41.679654,0
12.508052,41.679652,0
12.508052,41.679651,0
12.508051,41.679649,0
12.508051,41.679654,0
12.508052,41.679651,0
12.508065,41.679658,0
12.508066,41.679665,0
12.508068,41.679672,0
12.508071,41.679670,0
12.508060,41.679678,0
12.508062,41.679677,0
12.508065,41.679684,0
12.508068,41.679683,0
12.508072,41.679691,0
12.508074,41.679690,0
12.508067,41.679698,0
12.508071,41.679697,0
12.508063,41.679697,0
12.508056,41.679697,0
12.508048,41.679698,0
12.508039,41.679698,0
12.508031,41.679700,0
12.508024,41.679701,0
12.508027,41.679694,0
12.508018,41.679687,0
12.508020,41.679688,0
12.508023,41.679689,0
12.508014,41.679691,0
12.508016,41.679692,0
12.508017,41.679684,0
12.508007,41.679686,0
12.508010,41.679688,0
12.507999,41.679681,0
12.508000,41.679682,0
12.508002,41.679684,0
12.508003,41.679687,0
12.508004,41.679689,0
12.508005,41.679690,0
12.508006,41.679692,0
12.508006,41.679687,0
12.508006,41.679688,0
12.508007,41.679690,0
12.508007,41.679692,0
12.508006,41.679686,0
12.508006,41.679688,0
12.508006,41.679689,0
12.508006,41.679692,0
12.508005,41.679686,0
12.508004,41.679687,0
12.508004,41.679689,0
12.508015,41.679691,0
12.508013,41.679685,0
12.508013,41.679687,0
12.508012,41.679688,0
12.508011,41.679682,0
12.508009,41.679685,0
12.508008,41.679677,0
12.508007,41.679679,0
12.508018,41.679681,0
12.508017,41.679674,0
12.508016,41.679676,0
12.508014,41.679678,0
12.508013,41.679671,0
12.508011,41.679673,0
12.508022,41.679675,0
12.508021,41.679676,0
12.508019,41.679669,0
12.508029,41.679672,0
12.508028,41.679673,0
12.508038,41.679666,0
12.508037,41.679668,0
12.508035,41.679661,0
12.508046,41.679663,0
12.508044,41.679664,0
12.508043,41.679667,0
12.508041,41.679660,0
12.508052,41.679662,0
12.508051,41.679654,0
12.508049,41.679656,0
12.508059,41.679659,0
12.508070,41.679660,0
12.508069,41.679662,0
12.508067,41.679655,0
12.508065,41.679648,0
12.508064,41.679650,0
12.508063,41.679651,0
12.508061,41.679653,0
12.508047,41.679647,0
12.508046,41.679648,0
12.508057,41.679650,0
12.508055,41.679643,0
12.508053,41.679645,0
12.508065,41.679644,0
12.508064,41.679645,0
12.508062,41.679638,0
12.508060,41.679631,0
12.508058,41.679633,0
12.508069,41.679634,0
12.508068,41.679636,0
12.508077,41.679630,0
12.508076,41.679631,0
12.508087,41.679633,0
12.508085,41.679626,0
12.508095,41.679619,0
12.508094,41.679621,0
12.508081,41.679613,0
12.508079,41.679607,0
12.508065,41.679600,0
12.508052,41.679593,0
12.508026,41.679586,0
12.507999,41.679580,0
12.507985,41.679565,0
12.507993,41.679569,0
12.508004,41.679562,0
12.508003,41.679563,0
12.508002,41.679564,0
12.508012,41.679566,0
12.508011,41.679559,0
12.508022,41.679560,0
12.508019,41.679553,0
12.508030,41.679555,0
12.508027,41.679558,0
12.508036,41.679551,0
12.508034,41.679553,0
12.508043,41.679547,0
12.508040,41.679541,0
12.508039,41.679542,0
12.508038,41.679535,0
12.508048,41.679536,0
12.508045,41.679530,0
12.508044,41.679531,0
12.508055,41.679533,0
12.508054,41.679534,0
12.508051,41.679528,0
12.508062,41.679529,0
12.508072,41.679522,0
12.508071,41.679523,0
12.508080,41.679526,0
12.508079,41.679518,0
12.508076,41.679512,0
12.508073,41.679506,0
12.508071,41.679508,0
12.508069,41.679501,0
12.508066,41.679486,0
12.508064,41.679488,0
12.508051,41.679480,0
12.508050,41.679481,0
12.508035,41.679475,0
12.508034,41.679467,0
12.508031,41.679461,0
12.508039,41.679465,0
12.508038,41.679466,0
12.508048,41.679460,0
12.508045,41.679463,0
12.508042,41.679457,0
12.508052,41.679450,0
12.508039,41.679451,0
12.508037,41.679444,0
12.508035,41.679446,0
12.508045,41.679448,0
12.508043,41.679440,0
12.508054,41.679442,0
12.508051,41.679436,0
12.508061,41.679438,0
12.508059,41.679440,0
12.508068,41.679433,0
12.508079,41.679435,0
12.508077,41.679436,0
12.508076,41.679429,0
12.508073,41.679431,0
12.508072,41.679424,0
12.508070,41.679425,0
12.508069,41.679418,0
12.508078,41.679420,0
12.508077,41.679413,0
12.508087,41.679415,0
12.508084,41.679409,0
12.508081,41.679403,0
12.508092,41.679404,0
12.508089,41.679398,0
12.508099,41.679401,0
12.508097,41.679393,0
12.508094,41.679396,0
12.508104,41.679389,0
12.508102,41.679391,0
12.508101,41.679384,0
12.508099,41.679385,0
12.508098,41.679386,0
12.508108,41.679380,0
12.508106,41.679382,0
12.508104,41.679383,0
12.508103,41.679376,0
12.508101,41.679378,0
12.508112,41.679379,0
12.508121,41.679383,0
12.508131,41.679394,0
12.508140,41.679397,0
12.508138,41.679390,0
12.508147,41.679393,0
12.508146,41.679395,0
12.508145,41.679396,0
12.508143,41.679397,0
12.508141,41.679391,0
12.508139,41.679392,0
12.508149,41.679395,0
12.508146,41.679397,0
12.508144,41.679391,0
12.508141,41.679393,0
12.508138,41.679396,0
12.508149,41.679398,0
12.508147,41.679390,0
12.508146,41.679391,0
12.508143,41.679394,0
12.508142,41.679396,0
12.508140,41.679397,0
12.508139,41.679389,0
12.508149,41.679392,0
12.508148,41.679393,0
12.508144,41.679396,0
12.508142,41.679389,0
12.508140,41.679392,0
12.508137,41.679394,0
12.508146,41.679397,0
12.508143,41.679391,0
12.508141,41.679393,0
12.508140,41.679394,0
12.508138,41.679396,0
12.508147,41.679390,0
12.508145,41.679392,0
12.508143,41.679394,0
12.508141,41.679397,0
12.508139,41.679398,0
12.508138,41.679390,0
12.508148,41.679392,0
12.508146,41.679395,0
12.508144,41.679396,0
12.508143,41.679397,0
12.508141,41.679390,0
12.508139,41.679393,0
12.508137,41.679394,0
12.508148,41.679395,0
12.508146,41.679397,0
12.508144,41.679391,0
12.508142,41.679392,0
12.508141,41.679393,0
12.508139,41.679395,0
12.508149,41.679397,0
12.508147,41.679390,0
12.508146,41.679391,0
12.508144,41.679393,0
12.508142,41.679395,0
12.508140,41.679397,0
12.508138,41.679390,0
12.508147,41.679393,0
12.508145,41.679395,0
12.508143,41.679397,0
12.508140,41.679391,0
12.508137,41.679393,0
12.508148,41.679395,0
12.508146,41.679396,0
12.508145,41.679398,0
12.508144,41.679390,0
12.508141,41.679392,0
12.508139,41.679394,0
12.508138,41.679396,0
12.508149,41.679397,0
12.508146,41.679390,0
12.508145,41.679392,0
12.508142,41.679395,0
12.508140,41.679397,0
12.508149,41.679390,0
12.508146,41.679393,0
12.508411,41.679285,0
12.508411,41.679285,0
12.508411,41.679285,0
12.508146,41.679393,0
12.508146,41.679393,0
12.508146,41.679393,0
12.508145,41.679394,0
12.508145,41.679393,0
12.508144,41.679394,0
12.508143,41.679395,0
12.508140,41.679398,0
12.508138,41.679390,0
12.508149,41.679392,0
12.508148,41.679393,0
12.508145,41.679396,0
12.508144,41.679397,0
12.508141,41.679391,0
12.508175,41.679402,0
12.508184,41.679405,0
12.508182,41.679398,0
12.508179,41.679401,0
12.508176,41.679395,0
12.508186,41.679397,0
12.508184,41.679399,0
12.508182,41.679391,0
12.508180,41.679394,0
12.508191,41.679395,0
12.508190,41.679388,0
12.508188,41.679390,0
12.508198,41.679383,0
12.508196,41.679384,0
12.508195,41.679386,0
12.508193,41.679379,0
12.508203,41.679381,0
12.508201,41.679374,0
12.508200,41.679375,0
12.508198,41.679377,0
12.508208,41.679370,0
12.508206,41.679363,0
12.508205,41.679364,0
12.508215,41.679366,0
12.508213,41.679359,0
12.508211,41.679352,0
12.508222,41.679353,0
12.508220,41.679355,0
12.508218,41.679348,0
12.508216,41.679340,0
12.508215,41.679342,0
12.508225,41.679335,0
12.508223,41.679337,0
12.508221,41.679329,0
12.508220,41.679331,0
12.508229,41.679325,0
12.508228,41.679317,0
12.508239,41.679319,0
12.508237,41.679320,0
12.508235,41.679313,0
12.508233,41.679306,0
12.508243,41.679308,0
12.508241,41.679301,0
12.508238,41.679295,0
12.508247,41.679288,0
12.508246,41.679290,0
12.508244,41.679282,0
12.508255,41.679284,0
12.508254,41.679285,0
12.508251,41.679278,0
12.508249,41.679271,0
12.508260,41.679273,0
12.508259,41.679265,0
12.508268,41.679267,0
12.508267,41.679260,0
12.508264,41.679254,0
12.508274,41.679256,0
12.508271,41.679250,0
12.508269,41.679252,0
12.508278,41.679255,0
12.508276,41.679247,0
12.508275,41.679249,0
12.508274,41.679250,0
12.508271,41.679243,0
12.508282,41.679245,0
12.508279,41.679239,0
12.508276,41.679232,0
12.508274,41.679234,0
12.508284,41.679228,0
12.508280,41.679222,0
12.508279,41.679223,0
12.508289,41.679216,0
12.508288,41.679217,0
12.508286,41.679210,0
12.508284,41.679212,0
12.508294,41.679214,0
12.508291,41.679208,0
12.508289,41.679201,0
12.508298,41.679204,0
12.508295,41.679198,0
12.508294,41.679190,0
12.508291,41.679193,0
12.508288,41.679186,0
12.508286,41.679179,0
12.508296,41.679181,0
12.508295,41.679183,0
12.508293,41.679184,0
12.508301,41.679179,0
12.508301,41.679179,0
12.508311,41.679181,0
12.508310,41.679182,0
12.508308,41.679175,0
12.508306,41.679168,0
12.508304,41.679169,0
12.508315,41.679171,0
12.508313,41.679172,0
12.508310,41.679166,0
12.508309,41.679167,0
12.508320,41.679168,0
12.508318,41.679161,0
12.508315,41.679164,0
12.508326,41.679165,0
12.508324,41.679166,0
12.508322,41.679168,0
12.508331,41.679170,0
12.508330,41.679163,0
12.508341,41.679164,0
12.508339,41.679166,0
12.508348,41.679159,0
12.508352,41.679149,0
12.508351,41.679150,0
12.508350,41.679143,0
12.508348,41.679144,0
12.508358,41.679148,0
12.508355,41.679141,0
12.508354,41.679143,0
12.508353,41.679144,0
12.508352,41.679137,0
12.508361,41.679140,0
12.508360,41.679132,0
12.508371,41.679134,0
12.508370,41.679135,0
12.508368,41.679129,0
12.508367,41.679130,0
12.508364,41.679124,0
12.508376,41.679124,0
12.508376,41.679124,0
12.508376,41.679115,0
12.508376,41.679115,0
12.508388,41.679142,0
12.508388,41.679115,0
12.508376,41.679115,0
12.508376,41.679115,0
12.508376,41.679115,0
12.508376,41.679115,0
12.508376,41.679115,0
12.508376,41.679115,0
12.508376,41.679115,0
12.508376,41.679115,0
12.508376,41.679115,0
12.508376,41.679115,0
12.508376,41.679115,0
12.508376,41.679115,0
12.508376,41.679116,0
12.508375,41.679116,0
12.508386,41.679117,0
12.508385,41.679119,0
12.508382,41.679122,0
12.508381,41.679123,0
12.508379,41.679115,0
12.508377,41.679117,0
12.508387,41.679120,0
12.508385,41.679121,0
12.508384,41.679122,0
12.508384,41.679122,0
12.508384,41.679122,0
12.508384,41.679113,0
12.508384,41.679113,0
12.508383,41.679114,0
12.508382,41.679115,0
12.508381,41.679116,0
12.508380,41.679117,0
12.508378,41.679118,0
12.508388,41.679119,0
12.508386,41.679120,0
12.508385,41.679120,0
12.508382,41.679121,0
12.508390,41.679121,0
12.508388,41.679121,0
12.508387,41.679120,0
12.508397,41.679119,0
12.508394,41.679118,0
12.508393,41.679116,0
12.508392,41.679115,0
12.508403,41.679113,0
12.508402,41.679110,0
12.508401,41.679118,0
12.508401,41.679116,0
12.508412,41.679113,0
12.508412,41.679120,0
12.508412,41.679117,0
12.508413,41.679116,0
12.508413,41.679116,0
12.508413,41.679116,0
12.508425,41.679116,0
12.508425,41.679116,0
12.508425,41.679116,0
12.508425,41.679116,0
12.508425,41.679116,0
12.508425,41.679116,0
12.508425,41.679116,0
12.508425,41.679116,0
12.508425,41.679116,0
12.508425,41.679116,0
12.508425,41.679116,0
12.508425,41.679116,0
12.508425,41.679116,0
12.508437,41.679143,0
12.508437,41.679143,0
12.508425,41.679116,0
12.508425,41.679116,0
12.508425,41.679116,0
12.508425,41.679116,0
12.508425,41.679116,0
12.508425,41.679116,0
12.508425,41.679116,0
12.508425,41.679116,0
12.508425,41.679116,0
12.508425,41.679116,0
12.508425,41.679116,0
12.508437,41.679143,0
12.508437,41.679143,0
12.508425,41.679116,0
12.508425,41.679116,0
12.508437,41.679143,0
12.508425,41.679116,0
12.508425,41.679116,0
12.508425,41.679116,0
12.508425,41.679116,0
12.508425,41.679116,0
12.508425,41.679116,0
12.508425,41.679116,0
12.508425,41.679116,0
12.508425,41.679116,0
