12.508522,41.679104,0
12.508521,41.679105,0
12.508521,41.679107,0
12.508519,41.679110,0
12.508518,41.679112,0
12.508517,41.679113,0
12.508516,41.679115,0
12.508515,41.679118,0
12.508514,41.679119,0
12.508513,41.679122,0
12.508512,41.679124,0
12.508511,41.679127,0
12.508510,41.679128,0
12.508509,41.679130,0
12.508508,41.679132,0
12.508506,41.679134,0
12.508505,41.679136,0
12.508504,41.679139,0
12.508502,41.679141,0
12.508501,41.679143,0
12.508500,41.679145,0
12.508498,41.679148,0
12.508497,41.679150,0
12.508496,41.679152,0
12.508495,41.679153,0
12.508494,41.679155,0
12.508493,41.679157,0
12.508492,41.679158,0
12.508490,41.679161,0
12.508489,41.679163,0
12.508488,41.679164,0
12.508487,41.679166,0
12.508485,41.679169,0
12.508484,41.679171,0
12.508483,41.679172,0
12.508482,41.679174,0
12.508480,41.679177,0
12.508479,41.679179,0
12.508478,41.679180,0
12.508476,41.679182,0
12.508475,41.679185,0
12.508474,41.679187,0
12.508472,41.679188,0
12.508471,41.679190,0
12.508469,41.679193,0
12.508468,41.679194,0
12.508467,41.679196,0
12.508465,41.679198,0
12.508463,41.679201,0
12.508462,41.679202,0
12.508461,41.679204,0
12.508459,41.679206,0
12.508457,41.679209,0
12.508456,41.679210,0
12.508455,41.679211,0
12.508453,41.679214,0
12.508451,41.679216,0
12.508450,41.679218,0
12.508447,41.679221,0
12.508445,41.679224,0
12.508442,41.679226,0
12.508440,41.679228,0
12.508437,41.679231,0
12.508435,41.679234,0
12.508433,41.679235,0
12.508430,41.679238,0
12.508427,41.679241,0
12.508425,41.679243,0
12.508423,41.679245,0
12.508420,41.679247,0
12.508418,41.679250,0
12.508415,41.679252,0
12.508412,41.679255,0
12.508410,41.679256,0
12.508408,41.679258,0
12.508406,41.679260,0
12.508404,41.679261,0
12.508402,41.679263,0
12.508400,41.679265,0
12.508398,41.679267,0
12.508396,41.679269,0
12.508395,41.679270,0
12.508393,41.679272,0
12.508391,41.679275,0
12.508389,41.679276,0
12.508388,41.679277,0
12.508386,41.679280,0
12.508383,41.679282,0
12.508382,41.679284,0
12.508381,41.679285,0
12.508379,41.679287,0
12.508377,41.679290,0
12.508375,41.679292,0
12.508374,41.679293,0
12.508373,41.679295,0
12.508371,41.679298,0
12.508370,41.679299,0
12.508369,41.679301,0
12.508367,41.679303,0
12.508365,41.679306,0
12.508364,41.679308,0
12.508363,41.679309,0
12.508362,41.679311,0
12.508360,41.679314,0
12.508359,41.679316,0
12.508358,41.679317,0
12.508357,41.679320,0
12.508355,41.679323,0
12.508354,41.679324,0
12.508353,41.679326,0
12.508352,41.679328,0
12.508350,41.679331,0
12.508349,41.679332,0
12.508348,41.679334,0
12.508347,41.679336,0
12.508345,41.679339,0
12.508344,41.679340,0
12.508343,41.679342,0
12.508341,41.679344,0
12.508340,41.679347,0
12.508339,41.679348,0
12.508338,41.679350,0
12.508336,41.679352,0
12.508335,41.679355,0
12.508334,41.679356,0
12.508333,41.679358,0
12.508331,41.679360,0
12.508330,41.679363,0
12.508329,41.679364,0
12.508326,41.679369,0
12.508325,41.679371,0
12.508324,41.679373,0
12.508323,41.679374,0
12.508322,41.679376,0
12.508320,41.679379,0
12.508319,41.679382,0
12.508318,41.679384,0
12.508317,41.679386,0
12.508316,41.679387,0
12.508316,41.679389,0
12.508315,41.679391,0
12.508314,41.679393,0
12.508312,41.679396,0
12.508312,41.679398,0
12.508310,41.679401,0
12.508308,41.679404,0
12.508307,41.679407,0
12.508305,41.679409,0
12.508304,41.679412,0
12.508302,41.679414,0
12.508301,41.679417,0
12.508299,41.679420,0
12.508297,41.679423,0
12.508296,41.679424,0
12.508294,41.679426,0
12.508292,41.679429,0
12.508291,41.679431,0
12.508290,41.679432,0
12.508288,41.679434,0
12.508286,41.679437,0
12.508285,41.679439,0
12.508284,41.679440,0
12.508282,41.679442,0
12.508280,41.679445,0
12.508278,41.679446,0
12.508277,41.679448,0
12.508275,41.679450,0
12.508273,41.679453,0
12.508272,41.679454,0
12.508271,41.679456,0
12.508269,41.679458,0
12.508267,41.679461,0
12.508265,41.679462,0
12.508264,41.679463,0
12.508263,41.679466,0
12.508260,41.679468,0
12.508259,41.679470,0
12.508258,41.679471,0
12.508257,41.679473,0
12.508256,41.679477,0
12.508255,41.679478,0
12.508254,41.679480,0
12.508252,41.679482,0
12.508250,41.679485,0
12.508249,41.679486,0
12.508248,41.679488,0
12.508246,41.679490,0
12.508244,41.679493,0
12.508243,41.679494,0
12.508242,41.679495,0
12.508241,41.679498,0
12.508239,41.679500,0
12.508238,41.679502,0
12.508237,41.679503,0
12.508235,41.679506,0
12.508234,41.679508,0
12.508233,41.679510,0
12.508232,41.679511,0
12.508230,41.679513,0
12.508228,41.679516,0
12.508227,41.679518,0
12.508226,41.679519,0
12.508224,41.679521,0
12.508222,41.679524,0
12.508221,41.679525,0
12.508220,41.679527,0
12.508218,41.679529,0
12.508216,41.679531,0
12.508215,41.679533,0
12.508213,41.679534,0
12.508211,41.679536,0
12.508209,41.679539,0
12.508208,41.679540,0
12.508207,41.679542,0
12.508205,41.679544,0
12.508203,41.679546,0
12.508201,41.679548,0
12.508200,41.679549,0
12.508199,41.679551,0
12.508197,41.679553,0
12.508195,41.679555,0
12.508194,41.679556,0
12.508192,41.679559,0
12.508191,41.679561,0
12.508189,41.679563,0
12.508188,41.679564,0
12.508187,41.679566,0
12.508185,41.679569,0
12.508184,41.679570,0
12.508182,41.679572,0
12.508181,41.679574,0
12.508179,41.679577,0
12.508178,41.679578,0
12.508177,41.679580,0
12.508175,41.679582,0
12.508173,41.679584,0
12.508172,41.679586,0
12.508171,41.679587,0
12.508169,41.679589,0
12.508167,41.679592,0
12.508166,41.679593,0
12.508165,41.679594,0
12.508163,41.679596,0
12.508161,41.679599,0
12.508160,41.679600,0
12.508159,41.679602,0
12.508157,41.679604,0
12.508155,41.679607,0
12.508154,41.679608,0
12.508152,41.679609,0
12.508151,41.679611,0
12.508149,41.679614,0
12.508147,41.679615,0
12.508146,41.679617,0
12.508144,41.679619,0
12.508142,41.679621,0
12.508141,41.679623,0
12.508140,41.679624,0
12.508138,41.679626,0
12.508136,41.679629,0
12.508135,41.679630,0
12.508134,41.679631,0
12.508132,41.679633,0
12.508131,41.679636,0
12.508129,41.679637,0
12.508127,41.679641,0
12.508125,41.679643,0
12.508123,41.679646,0
12.508122,41.679647,0
12.508119,41.679650,0
12.508118,41.679652,0
12.508116,41.679654,0
12.508114,41.679657,0
12.508112,41.679660,0
12.508110,41.679661,0
12.508109,41.679663,0
12.508106,41.679665,0
12.508105,41.679667,0
12.508104,41.679668,0
12.508102,41.679670,0
12.508100,41.679673,0
12.508099,41.679674,0
12.508098,41.679675,0
12.508096,41.679678,0
12.508094,41.679680,0
12.508093,41.679681,0
12.508092,41.679683,0
12.508090,41.679685,0
12.508088,41.679687,0
12.508087,41.679689,0
12.508086,41.679690,0
12.508084,41.679692,0
12.508082,41.679695,0
12.508081,41.679696,0
12.508080,41.679697,0
12.508078,41.679699,0
12.508076,41.679702,0
12.508075,41.679703,0
12.508074,41.679705,0
12.508073,41.679707,0
12.508071,41.679709,0
12.508070,41.679711,0
12.508069,41.679712,0
12.508068,41.679714,0
12.508066,41.679717,0
12.508065,41.679718,0
12.508064,41.679720,0
12.508063,41.679722,0
12.508061,41.679724,0
12.508061,41.679726,0
12.508059,41.679729,0
12.508057,41.679732,0
12.508056,41.679734,0
12.508055,41.679736,0
12.508053,41.679739,0
12.508052,41.679741,0
12.508051,41.679744,0
12.508049,41.679747,0
12.508048,41.679749,0
12.508047,41.679751,0
12.508046,41.679753,0
12.508044,41.679755,0
12.508043,41.679757,0
12.508042,41.679758,0
12.508041,41.679760,0
12.508040,41.679763,0
12.508039,41.679764,0
12.508038,41.679766,0
12.508037,41.679768,0
12.508035,41.679770,0
12.508034,41.679772,0
12.508033,41.679773,0
12.508032,41.679776,0
12.508030,41.679778,0
12.508029,41.679780,0
12.508028,41.679781,0
12.508026,41.679783,0
12.508024,41.679785,0
12.508023,41.679787,0
12.508022,41.679788,0
12.508021,41.679790,0
12.508018,41.679793,0
12.508017,41.679794,0
12.508016,41.679795,0
12.508014,41.679797,0
12.508012,41.679800,0
12.508011,41.679801,0
12.508010,41.679803,0
12.508008,41.679805,0
12.508006,41.679807,0
12.508005,41.679808,0
12.508004,41.679810,0
12.508002,41.679812,0
12.508000,41.679814,0
12.507998,41.679816,0
12.507997,41.679817,0
12.507995,41.679819,0
12.507993,41.679821,0
12.507992,41.679822,0
12.507991,41.679824,0
12.507989,41.679826,0
12.507987,41.679828,0
12.507986,41.679829,0
12.507983,41.679832,0
12.507981,41.679835,0
12.507979,41.679838,0
12.507978,41.679839,0
12.507976,41.679842,0
12.507975,41.679844,0
12.507973,41.679847,0
12.507971,41.679850,0
12.507969,41.679852,0
12.507968,41.679853,0
12.507967,41.679855,0
12.507965,41.679858,0
12.507965,41.679859,0
12.507963,41.679861,0
12.507962,41.679863,0
12.507960,41.679865,0
12.507958,41.679866,0
12.507957,41.679867,0
12.507955,41.679870,0
12.507953,41.679872,0
12.507952,41.679873,0
12.507951,41.679874,0
12.507949,41.679876,0
12.507947,41.679879,0
12.507945,41.679880,0
12.507944,41.679881,0
12.507942,41.679883,0
12.507940,41.679885,0
12.507938,41.679887,0
12.507937,41.679888,0
12.507935,41.679889,0
12.507933,41.679892,0
12.507931,41.679893,0
12.507930,41.679894,0
12.507928,41.679896,0
12.507926,41.679899,0
12.507925,41.679900,0
12.507923,41.679901,0
12.507922,41.679903,0
12.507920,41.679905,0
12.507918,41.679906,0
12.507917,41.679908,0
12.507915,41.679910,0
12.507913,41.679912,0
12.507912,41.679913,0
12.507910,41.679914,0
12.507908,41.679916,0
12.507906,41.679918,0
12.507905,41.679919,0
12.507903,41.679921,0
12.507901,41.679922,0
12.507899,41.679925,0
12.507897,41.679926,0
12.507896,41.679927,0
12.507894,41.679929,0
12.507892,41.679931,0
12.507890,41.679932,0
12.507888,41.679933,0
12.507886,41.679935,0
12.507884,41.679937,0
12.507883,41.679938,0
12.507881,41.679939,0
12.507879,41.679941,0
12.507877,41.679943,0
12.507875,41.679945,0
12.507873,41.679946,0
12.507871,41.679948,0
12.507869,41.679950,0
12.507867,41.679951,0
12.507866,41.679952,0
12.507864,41.679954,0
12.507861,41.679956,0
12.507860,41.679957,0
12.507858,41.679959,0
12.507856,41.679960,0
12.507854,41.679962,0
12.507852,41.679964,0
12.507851,41.679965,0
12.507848,41.679966,0
12.507846,41.679969,0
12.507845,41.679970,0
12.507843,41.679971,0
12.507841,41.679973,0
12.507839,41.679975,0
12.507837,41.679976,0
12.507836,41.679977,0
12.507834,41.679979,0
12.507831,41.679982,0
12.507830,41.679983,0
12.507829,41.679984,0
12.507827,41.679986,0
12.507824,41.679988,0
12.507823,41.679989,0
12.507822,41.679991,0
12.507820,41.679993,0
12.507818,41.679995,0
12.507817,41.679996,0
12.507816,41.679998,0
12.507814,41.680000,0
12.507812,41.680002,0
12.507811,41.680003,0
12.507809,41.680004,0
12.507808,41.680006,0
12.507806,41.680009,0
12.507805,41.680010,0
12.507803,41.680011,0
12.507802,41.680013,0
12.507800,41.680016,0
12.507799,41.680017,0
12.507797,41.680018,0
12.507796,41.680020,0
12.507794,41.680022,0
12.507793,41.680024,0
12.507792,41.680025,0
12.507790,41.680027,0
12.507788,41.680029,0
12.507787,41.680030,0
12.507786,41.680032,0
12.507785,41.680034,0
12.507783,41.680036,0
12.507782,41.680037,0
12.507781,41.680038,0
12.507780,41.680040,0
12.507778,41.680043,0
12.507777,41.680044,0
12.507776,41.680045,0
12.507775,41.680047,0
12.507774,41.680049,0
12.507773,41.680051,0
12.507771,41.680052,0
12.507770,41.680054,0
12.507768,41.680056,0
12.507767,41.680057,0
12.507766,41.680058,0
12.507764,41.680060,0
12.507762,41.680062,0
12.507760,41.680063,0
12.507758,41.680064,0
12.507756,41.680066,0
12.507754,41.680068,0
12.507752,41.680069,0
12.507750,41.680070,0
12.507748,41.680071,0
12.507746,41.680074,0
12.507744,41.680075,0
12.507742,41.680076,0
12.507740,41.680077,0
12.507738,41.680079,0
12.507736,41.680081,0
12.507735,41.680082,0
12.507733,41.680084,0
12.507731,41.680086,0
12.507729,41.680087,0
12.507727,41.680091,0
12.507726,41.680093,0
12.507725,41.680095,0
12.507724,41.680096,0
12.507722,41.680098,0
12.507721,41.680100,0
12.507720,41.680101,0
12.507719,41.680103,0
12.507718,41.680105,0
12.507716,41.680107,0
12.507715,41.680108,0
12.507714,41.680110,0
12.507713,41.680112,0
12.507711,41.680114,0
12.507710,41.680117,0
12.507709,41.680117,0
12.507707,41.680118,0
12.507705,41.680121,0
12.507704,41.680122,0
12.507702,41.680123,0
12.507700,41.680124,0
12.507697,41.680126,0
12.507695,41.680127,0
12.507694,41.680128,0
12.507691,41.680130,0
12.507689,41.680132,0
12.507687,41.680133,0
12.507685,41.680134,0
12.507683,41.680135,0
12.507680,41.680137,0
12.507678,41.680138,0
12.507676,41.680139,0
12.507674,41.680140,0
12.507671,41.680143,0
12.507669,41.680144,0
12.507667,41.680145,0
12.507665,41.680146,0
12.507663,41.680148,0
12.507661,41.680150,0
12.507660,41.680150,0
12.507658,41.680152,0
12.507656,41.680155,0
12.507654,41.680156,0
12.507653,41.680157,0
12.507651,41.680159,0
12.507649,41.680161,0
12.507647,41.680162,0
12.507645,41.680164,0
12.507643,41.680166,0
12.507641,41.680168,0
12.507639,41.680171,0
12.507636,41.680173,0
12.507634,41.680175,0
12.507631,41.680177,0
12.507629,41.680179,0
12.507626,41.680181,0
12.507624,41.680182,0
12.507622,41.680184,0
12.507619,41.680186,0
12.507618,41.680187,0
12.507617,41.680188,0
12.507615,41.680190,0
12.507612,41.680192,0
12.507611,41.680193,0
12.507609,41.680194,0
12.507608,41.680195,0
12.507607,41.680196,0
12.507606,41.680196,0
12.507605,41.680196,0
12.507604,41.680196,0
12.507603,41.680196,0
12.507602,41.680196,0
12.507600,41.680196,0
12.507599,41.680196,0
12.507596,41.680196,0
12.507594,41.680196,0
12.507593,41.680196,0
12.507590,41.680195,0
12.507586,41.680193,0
12.507584,41.680192,0
12.507581,41.680190,0
12.507579,41.680188,0
12.507576,41.680185,0
12.507575,41.680184,0
12.507573,41.680182,0
12.507572,41.680180,0
12.507571,41.680176,0
12.507571,41.680175,0
12.507570,41.680173,0
12.507570,41.680170,0
12.507569,41.680167,0
12.507569,41.680166,0
12.507569,41.680164,0
12.507568,41.680162,0
12.507569,41.680159,0
12.507569,41.680157,0
12.507569,41.680156,0
12.507569,41.680153,0
12.507570,41.680151,0
12.507570,41.680149,0
12.507570,41.680148,0
12.507570,41.680146,0
12.507571,41.680143,0
12.507571,41.680142,0
12.507571,41.680140,0
12.507572,41.680138,0
12.507573,41.680136,0
12.507573,41.680134,0
12.507573,41.680133,0
12.507574,41.680131,0
12.507575,41.680129,0
12.507575,41.680127,0
12.507575,41.680126,0
12.507576,41.680124,0
12.507577,41.680122,0
12.507577,41.680120,0
12.507577,41.680119,0
12.507578,41.680117,0
12.507579,41.680115,0
12.507579,41.680113,0
12.507580,41.680112,0
12.507580,41.680110,0
12.507581,41.680107,0
12.507582,41.680106,0
12.507582,41.680105,0
12.507583,41.680103,0
12.507584,41.680100,0
12.507584,41.680099,0
12.507585,41.680097,0
12.507585,41.680095,0
12.507586,41.680093,0
12.507587,41.680092,0
12.507587,41.680090,0
12.507588,41.680088,0
12.507589,41.680086,0
12.507589,41.680085,0
12.507590,41.680083,0
12.507591,41.680081,0
12.507592,41.680079,0
12.507592,41.680078,0
12.507593,41.680076,0
12.507594,41.680074,0
12.507595,41.680072,0
12.507595,41.680071,0
12.507596,41.680069,0
12.507596,41.680067,0
12.507598,41.680065,0
12.507598,41.680064,0
12.507599,41.680062,0
12.507600,41.680061,0
12.507601,41.680058,0
12.507602,41.680057,0
12.507602,41.680056,0
12.507603,41.680054,0
12.507605,41.680052,0
12.507606,41.680050,0
12.507606,41.680049,0
12.507608,41.680047,0
12.507609,41.680045,0
12.507610,41.680044,0
12.507611,41.680043,0
12.507613,41.680041,0
12.507614,41.680039,0
12.507616,41.680038,0
12.507617,41.680037,0
12.507618,41.680035,0
12.507621,41.680033,0
12.507622,41.680032,0
12.507623,41.680031,0
12.507625,41.680029,0
12.507627,41.680027,0
12.507628,41.680026,0
12.507630,41.680025,0
12.507631,41.680024,0
12.507633,41.680021,0
12.507635,41.680020,0
12.507636,41.680019,0
12.507637,41.680018,0
12.507640,41.680016,0
12.507641,41.680014,0
12.507642,41.680013,0
12.507644,41.680012,0
12.507645,41.680010,0
12.507647,41.680008,0
12.507647,41.680008,0
12.507649,41.680006,0
12.507651,41.680003,0
12.507652,41.680002,0
12.507652,41.680001,0
12.507654,41.679999,0
12.507655,41.679997,0
12.507656,41.679996,0
12.507657,41.679995,0
12.507658,41.679993,0
12.507660,41.679990,0
12.507661,41.679989,0
12.507662,41.679988,0
12.507663,41.679987,0
12.507666,41.679984,0
12.507666,41.679983,0
12.507667,41.679982,0
12.507669,41.679980,0
12.507671,41.679978,0
12.507672,41.679977,0
12.507674,41.679976,0
12.507675,41.679974,0
12.507678,41.679972,0
12.507679,41.679971,0
12.507680,41.679970,0
12.507682,41.679968,0
12.507685,41.679966,0
12.507686,41.679965,0
12.507686,41.679965,0
12.507686,41.679965,0
12.507685,41.679966,0
12.507685,41.679966,0
12.507685,41.679966,0
12.507685,41.679965,0
12.507685,41.679966,0
12.507685,41.679965,0
12.507685,41.679964,0
12.507685,41.679965,0
12.507685,41.679965,0
12.507685,41.679965,0
12.507684,41.679965,0
12.507684,41.679965,0
12.507684,41.679966,0
12.507684,41.679966,0
12.507684,41.679965,0
12.507684,41.679966,0
12.507684,41.679965,0
12.507684,41.679965,0
12.507684,41.679965,0
12.507684,41.679966,0
12.507684,41.679966,0
12.507683,41.679966,0
12.507683,41.679966,0
12.507683,41.679966,0
12.507683,41.679966,0
12.507683,41.679966,0
12.507683,41.679966,0
12.507683,41.679966,0
12.507683,41.679967,0
12.507683,41.679966,0
12.507683,41.679966,0
12.507683,41.679966,0
12.507683,41.679967,0
12.507683,41.679967,0
12.507683,41.679967,0
12.507683,41.679967,0
12.507684,41.679966,0
12.507685,41.679965,0
12.507686,41.679964,0
12.507689,41.679962,0
12.507691,41.679960,0
12.507693,41.679958,0
12.507696,41.679956,0
12.507699,41.679953,0
12.507701,41.679951,0
12.507703,41.679949,0
12.507704,41.679948,0
12.507706,41.679946,0
12.507709,41.679944,0
12.507711,41.679942,0
12.507713,41.679941,0
12.507715,41.679939,0
12.507716,41.679938,0
12.507717,41.679937,0
12.507719,41.679936,0
12.507722,41.679934,0
12.507723,41.679933,0
12.507724,41.679932,0
12.507726,41.679931,0
12.507728,41.679930,0
12.507729,41.679929,0
12.507730,41.679928,0
12.507732,41.679927,0
12.507734,41.679925,0
12.507735,41.679924,0
12.507737,41.679923,0
12.507738,41.679922,0
12.507740,41.679921,0
12.507741,41.679920,0
12.507743,41.679919,0
12.507744,41.679918,0
12.507746,41.679916,0
12.507747,41.679915,0
12.507748,41.679915,0
12.507750,41.679913,0
12.507751,41.679912,0
12.507752,41.679911,0
12.507753,41.679910,0
12.507755,41.679909,0
12.507757,41.679907,0
12.507757,41.679907,0
12.507758,41.679906,0
12.507760,41.679905,0
12.507762,41.679903,0
12.507763,41.679902,0
12.507763,41.679901,0
12.507765,41.679900,0
12.507767,41.679899,0
12.507768,41.679898,0
12.507769,41.679897,0
12.507770,41.679896,0
12.507772,41.679894,0
12.507773,41.679893,0
12.507774,41.679893,0
12.507773,41.679896,0
12.507775,41.679894,0
12.507776,41.679893,0
12.507777,41.679892,0
12.507779,41.679891,0
12.507781,41.679889,0
12.507781,41.679888,0
12.507782,41.679887,0
12.507784,41.679886,0
12.507786,41.679884,0
12.507786,41.679883,0
12.507787,41.679882,0
12.507789,41.679880,0
12.507791,41.679878,0
12.507792,41.679877,0
12.507793,41.679876,0
12.507795,41.679875,0
12.507798,41.679872,0
12.507799,41.679871,0
12.507800,41.679871,0
12.507800,41.679871,0
12.507800,41.679871,0
12.507800,41.679871,0
12.507801,41.679872,0
12.507801,41.679872,0
12.507802,41.679872,0
12.507802,41.679871,0
12.507804,41.679871,0
12.507806,41.679869,0
12.507808,41.679867,0
12.507810,41.679865,0
12.507812,41.679864,0
12.507814,41.679862,0
12.507816,41.679860,0
12.507818,41.679859,0
12.507820,41.679858,0
12.507822,41.679856,0
12.507825,41.679854,0
12.507826,41.679852,0
12.507828,41.679851,0
12.507831,41.679849,0
12.507833,41.679847,0
12.507835,41.679846,0
12.507837,41.679845,0
12.507839,41.679843,0
12.507842,41.679841,0
12.507844,41.679840,0
12.507846,41.679838,0
12.507848,41.679837,0
12.507851,41.679835,0
12.507853,41.679833,0
12.507855,41.679832,0
12.507858,41.679830,0
12.507861,41.679828,0
12.507863,41.679827,0
12.507865,41.679826,0
12.507867,41.679824,0
12.507870,41.679822,0
12.507872,41.679821,0
12.507874,41.679819,0
12.507876,41.679818,0
12.507879,41.679816,0
12.507881,41.679814,0
12.507883,41.679813,0
12.507886,41.679811,0
12.507888,41.679809,0
12.507890,41.679808,0
12.507892,41.679807,0
12.507895,41.679805,0
12.507898,41.679803,0
12.507900,41.679802,0
12.507901,41.679801,0
12.507904,41.679799,0
12.507907,41.679797,0
12.507909,41.679796,0
12.507911,41.679794,0
12.507913,41.679793,0
12.507916,41.679791,0
12.507917,41.679789,0
12.507919,41.679788,0
12.507922,41.679786,0
12.507924,41.679784,0
12.507926,41.679783,0
12.507928,41.679782,0
12.507930,41.679780,0
12.507933,41.679778,0
12.507934,41.679776,0
12.507936,41.679775,0
12.507938,41.679773,0
12.507941,41.679771,0
12.507942,41.679770,0
12.507944,41.679769,0
12.507946,41.679767,0
12.507949,41.679764,0
12.507950,41.679763,0
12.507952,41.679762,0
12.507954,41.679760,0
12.507957,41.679758,0
12.507959,41.679756,0
12.507960,41.679755,0
12.507962,41.679753,0
12.507965,41.679751,0
12.507967,41.679749,0
12.507968,41.679748,0
12.507971,41.679747,0
12.507973,41.679744,0
12.507975,41.679743,0
12.507978,41.679741,0
12.507981,41.679738,0
12.507984,41.679736,0
12.507986,41.679734,0
12.507989,41.679732,0
12.507992,41.679730,0
12.507995,41.679727,0
12.507997,41.679726,0
12.507998,41.679725,0
12.508000,41.679724,0
12.508003,41.679721,0
12.508005,41.679720,0
12.508007,41.679718,0
12.508009,41.679717,0
12.508012,41.679715,0
12.508013,41.679713,0
12.508017,41.679710,0
12.508020,41.679708,0
12.508023,41.679706,0
12.508025,41.679703,0
12.508029,41.679701,0
12.508031,41.679699,0
12.508032,41.679698,0
12.508034,41.679697,0
12.508037,41.679695,0
12.508039,41.679693,0
12.508042,41.679691,0
12.508045,41.679688,0
12.508048,41.679686,0
12.508051,41.679684,0
12.508055,41.679681,0
12.508058,41.679678,0
12.508060,41.679676,0
12.508064,41.679674,0
12.508067,41.679671,0
12.508068,41.679670,0
12.508070,41.679669,0
12.508072,41.679668,0
12.508075,41.679665,0
12.508076,41.679664,0
12.508079,41.679662,0
12.508082,41.679659,0
12.508084,41.679657,0
12.508086,41.679656,0
12.508089,41.679653,0
12.508092,41.679651,0
12.508093,41.679650,0
12.508096,41.679647,0
12.508099,41.679645,0
12.508101,41.679643,0
12.508104,41.679641,0
12.508106,41.679639,0
12.508108,41.679637,0
12.508110,41.679636,0
12.508111,41.679635,0
12.508113,41.679634,0
12.508115,41.679632,0
12.508117,41.679631,0
12.508119,41.679628,0
12.508122,41.679626,0
12.508123,41.679625,0
12.508125,41.679624,0
12.508127,41.679621,0
12.508130,41.679619,0
12.508131,41.679618,0
12.508132,41.679617,0
12.508133,41.679615,0
12.508135,41.679614,0
12.508136,41.679612,0
12.508139,41.679610,0
12.508140,41.679609,0
12.508142,41.679608,0
12.508144,41.679606,0
12.508146,41.679604,0
12.508148,41.679602,0
12.508149,41.679601,0
12.508151,41.679600,0
12.508154,41.679598,0
12.508156,41.679596,0
12.508157,41.679595,0
12.508159,41.679593,0
12.508162,41.679591,0
12.508163,41.679590,0
12.508165,41.679589,0
12.508167,41.679587,0
12.508169,41.679585,0
12.508171,41.679583,0
12.508172,41.679582,0
12.508176,41.679579,0
12.508177,41.679578,0
12.508178,41.679577,0
12.508180,41.679575,0
12.508180,41.679577,0
12.508182,41.679575,0
12.508183,41.679574,0
12.508185,41.679572,0
12.508187,41.679570,0
12.508189,41.679568,0
12.508191,41.679566,0
12.508192,41.679565,0
12.508194,41.679563,0
12.508196,41.679560,0
12.508198,41.679559,0
12.508199,41.679557,0
12.508201,41.679555,0
12.508203,41.679553,0
12.508204,41.679551,0
12.508206,41.679549,0
12.508207,41.679547,0
12.508209,41.679545,0
12.508211,41.679543,0
12.508212,41.679542,0
12.508214,41.679539,0
12.508216,41.679537,0
12.508217,41.679535,0
12.508218,41.679534,0
12.508220,41.679532,0
12.508222,41.679529,0
12.508223,41.679527,0
12.508225,41.679525,0
12.508228,41.679521,0
12.508230,41.679519,0
12.508231,41.679517,0
12.508234,41.679514,0
12.508235,41.679512,0
12.508238,41.679509,0
12.508240,41.679507,0
12.508242,41.679504,0
12.508243,41.679502,0
12.508244,41.679500,0
12.508246,41.679498,0
12.508247,41.679496,0
12.508248,41.679494,0
12.508250,41.679492,0
12.508252,41.679489,0
12.508253,41.679488,0
12.508253,41.679486,0
12.508255,41.679484,0
12.508257,41.679481,0
12.508258,41.679479,0
12.508259,41.679478,0
12.508260,41.679475,0
12.508262,41.679472,0
12.508263,41.679471,0
12.508264,41.679469,0
12.508265,41.679467,0
12.508268,41.679464,0
12.508269,41.679462,0
12.508270,41.679460,0
12.508271,41.679458,0
12.508273,41.679455,0
12.508274,41.679454,0
12.508275,41.679452,0
12.508277,41.679450,0
12.508279,41.679447,0
12.508280,41.679445,0
12.508281,41.679443,0
12.508282,41.679441,0
12.508284,41.679438,0
12.508285,41.679437,0
12.508286,41.679435,0
12.508287,41.679433,0
12.508290,41.679430,0
12.508290,41.679428,0
12.508291,41.679426,0
12.508293,41.679424,0
12.508295,41.679421,0
12.508296,41.679420,0
12.508297,41.679418,0
12.508298,41.679416,0
12.508300,41.679413,0
12.508301,41.679411,0
12.508302,41.679409,0
12.508303,41.679407,0
12.508305,41.679404,0
12.508306,41.679402,0
12.508307,41.679401,0
12.508309,41.679398,0
12.508310,41.679396,0
12.508311,41.679394,0
12.508312,41.679392,0
12.508314,41.679390,0
12.508316,41.679387,0
12.508317,41.679385,0
12.508318,41.679384,0
12.508319,41.679381,0
12.508322,41.679379,0
12.508323,41.679377,0
12.508324,41.679375,0
12.508325,41.679373,0
12.508327,41.679370,0
12.508328,41.679369,0
12.508329,41.679367,0
12.508331,41.679365,0
12.508332,41.679362,0
12.508333,41.679360,0
12.508334,41.679358,0
12.508336,41.679356,0
12.508338,41.679354,0
12.508339,41.679352,0
12.508339,41.679350,0
12.508341,41.679348,0
12.508343,41.679345,0
12.508344,41.679343,0
12.508345,41.679342,0
12.508346,41.679339,0
12.508348,41.679337,0
12.508349,41.679335,0
12.508350,41.679333,0
12.508351,41.679331,0
12.508353,41.679328,0
12.508354,41.679327,0
12.508355,41.679325,0
12.508357,41.679323,0
12.508359,41.679320,0
12.508360,41.679318,0
12.508361,41.679317,0
12.508363,41.679314,0
12.508365,41.679312,0
12.508366,41.679310,0
12.508367,41.679308,0
12.508369,41.679306,0
12.508371,41.679303,0
12.508372,41.679301,0
12.508373,41.679299,0
12.508377,41.679295,0
12.508377,41.679294,0
12.508378,41.679293,0
12.508379,41.679291,0
12.508381,41.679289,0
12.508383,41.679286,0
12.508385,41.679284,0
12.508386,41.679282,0
12.508387,41.679280,0
12.508389,41.679278,0
12.508391,41.679276,0
12.508393,41.679273,0
12.508395,41.679270,0
12.508397,41.679267,0
12.508399,41.679265,0
12.508401,41.679262,0
12.508403,41.679260,0
12.508405,41.679257,0
12.508406,41.679255,0
12.508407,41.679254,0
12.508407,41.679252,0
12.508410,41.679248,0
12.508412,41.679245,0
12.508414,41.679243,0
12.508415,41.679241,0
12.508417,41.679239,0
12.508419,41.679236,0
12.508421,41.679233,0
12.508422,41.679231,0
12.508424,41.679228,0
12.508425,41.679227,0
12.508426,41.679225,0
12.508427,41.679223,0
12.508429,41.679220,0
12.508430,41.679218,0
12.508431,41.679217,0
12.508432,41.679214,0
12.508434,41.679212,0
12.508435,41.679210,0
12.508437,41.679207,0
12.508439,41.679204,0
12.508442,41.679202,0
12.508443,41.679200,0
12.508446,41.679198,0
12.508447,41.679196,0
12.508450,41.679193,0
12.508451,41.679192,0
12.508452,41.679190,0
12.508453,41.679189,0
12.508456,41.679187,0
12.508457,41.679185,0
12.508459,41.679184,0
12.508459,41.679182,0
12.508462,41.679180,0
12.508463,41.679179,0
12.508466,41.679176,0
12.508469,41.679174,0
12.508471,41.679171,0
12.508473,41.679169,0
12.508476,41.679166,0
12.508477,41.679165,0
12.508477,41.679167,0
12.508478,41.679165,0
12.508481,41.679162,0
12.508483,41.679160,0
12.508485,41.679158,0
12.508486,41.679156,0
12.508488,41.679154,0
12.508490,41.679152,0
12.508492,41.679150,0
12.508494,41.679148,0
12.508497,41.679146,0
12.508498,41.679144,0
12.508500,41.679142,0
12.508503,41.679140,0
12.508506,41.679138,0
12.508507,41.679136,0
12.508510,41.679134,0
12.508513,41.679132,0
12.508515,41.679130,0
12.508518,41.679128,0
12.508521,41.679126,0
12.508523,41.679124,0
12.508522,41.679124,0
12.508522,41.679124,0
12.508522,41.679124,0
12.508521,41.679124,0
12.508521,41.679124,0
12.508521,41.679124,0
12.508520,41.679124,0
12.508520,41.679123,0
12.508520,41.679123,0
12.508519,41.679123,0
12.508519,41.679123,0
12.508519,41.679123,0
12.508518,41.679123,0
12.508518,41.679123,0
12.508518,41.679123,0
12.508517,41.679122,0
12.508517,41.679122,0
12.508517,41.679122,0
12.508516,41.679122,0
12.508516,41.679122,0
12.508516,41.679122,0
12.508515,41.679122,0
12.508515,41.679122,0
12.508515,41.679122,0
12.508514,41.679122,0
12.508514,41.679121,0
12.508514,41.679121,0
12.508513,41.679121,0
12.508513,41.679121,0
12.508513,41.679121,0
12.508513,41.679121,0
12.508512,41.679121,0
12.508512,41.679121,0
12.508512,41.679121,0
12.508511,41.679121,0
12.508511,41.679121,0
12.508511,41.679120,0
12.508511,41.679120,0
12.508510,41.679120,0
12.508510,41.679120,0
12.508510,41.679120,0
12.508510,41.679120,0
12.508509,41.679120,0
12.508509,41.679120,0
12.508509,41.679119,0
12.508508,41.679119,0
12.508508,41.679119,0
12.508508,41.679119,0
12.508508,41.679119,0
12.508507,41.679119,0
12.508507,41.679119,0
12.508507,41.679119,0
12.508507,41.679119,0
12.508506,41.679119,0
12.508506,41.679119,0
12.508506,41.679119,0
12.508506,41.679118,0
12.508505,41.679118,0
12.508505,41.679118,0
12.508505,41.679118,0
12.508505,41.679118,0
12.508505,41.679118,0
12.508504,41.679118,0
12.508504,41.679118,0
12.508505,41.679117,0
12.508505,41.679116,0
12.508506,41.679116,0
12.508506,41.679115,0
12.508508,41.679114,0
12.508509,41.679113,0
12.508513,41.679110,0
12.508515,41.679108,0
12.508518,41.679106,0
12.508521,41.679104,0
12.508524,41.679102,0
12.508527,41.679100,0
12.508530,41.679098,0
12.508532,41.679097,0
12.508534,41.679096,0
12.508537,41.679094,0
12.508538,41.679093,0
12.508540,41.679092,0
12.508542,41.679090,0
12.508544,41.679088,0
12.508546,41.679087,0
12.508547,41.679086,0
12.508549,41.679084,0
12.508549,41.679084,0
12.508548,41.679084,0
12.508548,41.679084,0
12.508548,41.679084,0
12.508547,41.679084,0
12.508547,41.679084,0
12.508547,41.679084,0
12.508546,41.679084,0
12.508546,41.679084,0
12.508546,41.679084,0
12.508545,41.679084,0
12.508545,41.679084,0
12.508545,41.679084,0
12.508544,41.679084,0
12.508544,41.679084,0
12.508544,41.679084,0
12.508543,41.679083,0
12.508543,41.679083,0
12.508543,41.679083,0
12.508543,41.679083,0
12.508542,41.679083,0
12.508542,41.679083,0
12.508542,41.679083,0
12.508541,41.679083,0
12.508541,41.679083,0
12.508541,41.679083,0
12.508541,41.679083,0
12.508540,41.679083,0
12.508540,41.679083,0
12.508540,41.679083,0
12.508539,41.679083,0
12.508539,41.679083,0
12.508539,41.679082,0
12.508539,41.679082,0
12.508539,41.679082,0
12.508539,41.679082,0
12.508538,41.679082,0
12.508538,41.679082,0
12.508538,41.679082,0
12.508538,41.679082,0
12.508537,41.679082,0
12.508537,41.679082,0
12.508537,41.679082,0
12.508537,41.679082,0
12.508537,41.679081,0
12.508538,41.679081,0
12.508539,41.679080,0
12.508539,41.679079,0
12.508543,41.679076,0
12.508545,41.679074,0
12.508547,41.679073,0
12.508549,41.679072,0
12.508551,41.679069,0
12.508552,41.679068,0
12.508554,41.679067,0
12.508555,41.679066,0
12.508559,41.679064,0
12.508560,41.679063,0
12.508562,41.679061,0
12.508563,41.679061,0
12.508566,41.679059,0
12.508567,41.679058,0
12.508570,41.679055,0
12.508572,41.679053,0
12.508575,41.679050,0
12.508577,41.679048,0
12.508580,41.679045,0
12.508581,41.679044,0
12.508582,41.679042,0
12.508583,41.679041,0
12.508586,41.679038,0
12.508587,41.679036,0
12.508588,41.679035,0
12.508589,41.679034,0
12.508591,41.679031,0
12.508592,41.679030,0
12.508595,41.679027,0
12.508597,41.679025,0
12.508599,41.679022,0
12.508601,41.679020,0
12.508604,41.679017,0
12.508606,41.679014,0
12.508609,41.679012,0
12.508610,41.679011,0
12.508611,41.679009,0
12.508613,41.679006,0
12.508615,41.679005,0
12.508616,41.679004,0
12.508617,41.679002,0
12.508620,41.678999,0
12.508621,41.678998,0
12.508622,41.678997,0
12.508623,41.678995,0
12.508625,41.678992,0
12.508627,41.678991,0
12.508627,41.678990,0
12.508629,41.678988,0
12.508631,41.678985,0
12.508632,41.678984,0
12.508633,41.678983,0
12.508635,41.678981,0
12.508637,41.678979,0
12.508638,41.678977,0
12.508639,41.678976,0
12.508640,41.678975,0
12.508643,41.678972,0
12.508644,41.678971,0
12.508645,41.678970,0
12.508646,41.678968,0
12.508649,41.678966,0
12.508650,41.678964,0
12.508651,41.678963,0
12.508652,41.678961,0
12.508655,41.678959,0
12.508656,41.678958,0
12.508657,41.678957,0
12.508658,41.678955,0
12.508661,41.678952,0
12.508662,41.678951,0
12.508664,41.678949,0
12.508667,41.678946,0
12.508669,41.678944,0
12.508670,41.678942,0
12.508672,41.678940,0
12.508676,41.678936,0
12.508676,41.678935,0
12.508677,41.678934,0
12.508678,41.678933,0
12.508679,41.678932,0
12.508681,41.678929,0
12.508683,41.678928,0
12.508684,41.678926,0
12.508685,41.678925,0
12.508687,41.678923,0
12.508688,41.678921,0
12.508691,41.678919,0
12.508693,41.678916,0
12.508695,41.678914,0
12.508697,41.678911,0
12.508700,41.678908,0
12.508701,41.678907,0
12.508702,41.678906,0
12.508703,41.678905,0
12.508705,41.678902,0
12.508707,41.678901,0
12.508709,41.678898,0
12.508711,41.678895,0
12.508713,41.678893,0
12.508715,41.678890,0
12.508718,41.678887,0
12.508719,41.678886,0
12.508720,41.678885,0
12.508721,41.678884,0
12.508723,41.678881,0
12.508724,41.678879,0
12.508726,41.678877,0
12.508728,41.678874,0
12.508730,41.678872,0
12.508732,41.678869,0
12.508735,41.678866,0
12.508736,41.678865,0
12.508736,41.678864,0
12.508737,41.678862,0
12.508739,41.678860,0
12.508740,41.678859,0
12.508743,41.678856,0
12.508745,41.678853,0
12.508748,41.678850,0
12.508749,41.678848,0
12.508752,41.678845,0
12.508753,41.678844,0
12.508754,41.678843,0
12.508754,41.678841,0
12.508757,41.678839,0
12.508757,41.678838,0
12.508760,41.678835,0
12.508762,41.678832,0
12.508764,41.678830,0
12.508766,41.678828,0
12.508769,41.678825,0
12.508771,41.678822,0
12.508772,41.678820,0
12.508772,41.678822,0
12.508773,41.678820,0
12.508775,41.678818,0
12.508776,41.678816,0
12.508777,41.678815,0
12.508779,41.678813,0
12.508781,41.678811,0
12.508782,41.678810,0
12.508782,41.678809,0
12.508784,41.678807,0
12.508786,41.678805,0
12.508787,41.678803,0
12.508788,41.678802,0
12.508789,41.678800,0
12.508791,41.678798,0
12.508792,41.678797,0
12.508793,41.678796,0
12.508794,41.678794,0
12.508796,41.678791,0
12.508797,41.678790,0
12.508798,41.678789,0
12.508800,41.678787,0
12.508802,41.678785,0
12.508803,41.678784,0
12.508803,41.678782,0
12.508805,41.678780,0
12.508807,41.678778,0
12.508808,41.678777,0
12.508809,41.678775,0
12.508810,41.678774,0
12.508812,41.678771,0
12.508813,41.678770,0
12.508814,41.678768,0
12.508816,41.678766,0
12.508817,41.678764,0
12.508818,41.678762,0
12.508819,41.678761,0
12.508821,41.678759,0
12.508823,41.678757,0
12.508824,41.678755,0
12.508825,41.678754,0
12.508826,41.678752,0
12.508828,41.678749,0
12.508829,41.678748,0
12.508830,41.678747,0
12.508831,41.678745,0
12.508833,41.678742,0
12.508834,41.678741,0
12.508835,41.678739,0
12.508837,41.678737,0
12.508838,41.678735,0
12.508839,41.678734,0
12.508840,41.678732,0
12.508841,41.678730,0
12.508844,41.678728,0
12.508845,41.678726,0
12.508845,41.678725,0
12.508847,41.678724,0
12.508850,41.678721,0
12.508851,41.678720,0
12.508852,41.678719,0
12.508854,41.678718,0
12.508858,41.678716,0
12.508859,41.678715,0
12.508860,41.678714,0
12.508863,41.678713,0
12.508867,41.678713,0
12.508868,41.678712,0
12.508871,41.678712,0
12.508876,41.678713,0
12.508878,41.678714,0
12.508880,41.678714,0
12.508883,41.678717,0
12.508885,41.678719,0
12.508885,41.678721,0
12.508886,41.678724,0
12.508885,41.678727,0
12.508883,41.678737,0
12.508882,41.678737,0
12.508882,41.678738,0
12.508881,41.678739,0
12.508879,41.678742,0
12.508878,41.678743,0
12.508877,41.678744,0
12.508876,41.678745,0
12.508875,41.678747,0
12.508874,41.678748,0
12.508872,41.678751,0
12.508870,41.678753,0
12.508869,41.678755,0
12.508867,41.678758,0
12.508865,41.678760,0
12.508863,41.678763,0
12.508862,41.678765,0
12.508861,41.678766,0
12.508859,41.678767,0
12.508858,41.678770,0
12.508857,41.678771,0
12.508856,41.678772,0
12.508855,41.678773,0
12.508853,41.678776,0
12.508852,41.678777,0
12.508851,41.678777,0
12.508850,41.678779,0
12.508848,41.678781,0
12.508847,41.678782,0
12.508846,41.678783,0
12.508845,41.678785,0
12.508844,41.678787,0
12.508843,41.678788,0
12.508842,41.678789,0
12.508839,41.678793,0
12.508839,41.678793,0
12.508838,41.678794,0
12.508837,41.678795,0
12.508835,41.678796,0
12.508834,41.678799,0
12.508833,41.678800,0
12.508832,41.678801,0
12.508830,41.678802,0
12.508829,41.678805,0
12.508828,41.678805,0
12.508827,41.678806,0
12.508825,41.678808,0
12.508824,41.678810,0
12.508823,41.678811,0
12.508821,41.678812,0
12.508820,41.678814,0
12.508818,41.678816,0
12.508817,41.678817,0
12.508816,41.678818,0
12.508814,41.678820,0
12.508813,41.678822,0
12.508811,41.678823,0
12.508810,41.678824,0
12.508809,41.678825,0
12.508807,41.678827,0
12.508806,41.678828,0
12.508805,41.678829,0
12.508804,41.678829,0
12.508802,41.678830,0
12.508801,41.678831,0
12.508800,41.678832,0
12.508798,41.678834,0
12.508797,41.678836,0
12.508795,41.678837,0
12.508794,41.678838,0
12.508793,41.678840,0
12.508791,41.678842,0
12.508790,41.678843,0
12.508789,41.678844,0
12.508788,41.678846,0
12.508786,41.678848,0
12.508786,41.678849,0
12.508785,41.678850,0
12.508783,41.678852,0
12.508782,41.678854,0
12.508781,41.678855,0
12.508780,41.678856,0
12.508778,41.678858,0
12.508777,41.678860,0
12.508776,41.678861,0
12.508774,41.678862,0
12.508773,41.678864,0
12.508771,41.678866,0
12.508770,41.678867,0
12.508769,41.678868,0
12.508768,41.678870,0
12.508766,41.678872,0
12.508765,41.678873,0
12.508764,41.678875,0
12.508763,41.678876,0
12.508762,41.678879,0
12.508761,41.678880,0
12.508761,41.678881,0
12.508760,41.678883,0
12.508758,41.678885,0
12.508758,41.678887,0
12.508757,41.678888,0
12.508756,41.678890,0
12.508755,41.678892,0
12.508754,41.678894,0
12.508753,41.678895,0
12.508752,41.678897,0
12.508751,41.678899,0
12.508750,41.678900,0
12.508749,41.678902,0
12.508748,41.678904,0
12.508746,41.678907,0
12.508745,41.678908,0
12.508744,41.678909,0
12.508743,41.678911,0
12.508742,41.678913,0
12.508741,41.678914,0
12.508740,41.678916,0
12.508738,41.678917,0
12.508738,41.678920,0
12.508737,41.678921,0
12.508736,41.678922,0
12.508734,41.678924,0
12.508733,41.678926,0
12.508731,41.678927,0
12.508730,41.678928,0
12.508728,41.678930,0
12.508726,41.678932,0
12.508725,41.678933,0
12.508724,41.678934,0
12.508722,41.678936,0
12.508720,41.678938,0
12.508719,41.678939,0
12.508718,41.678940,0
12.508717,41.678942,0
12.508716,41.678945,0
12.508715,41.678946,0
12.508714,41.678947,0
12.508713,41.678949,0
12.508712,41.678952,0
12.508711,41.678953,0
12.508711,41.678955,0
12.508710,41.678957,0
12.508709,41.678960,0
12.508708,41.678961,0
12.508708,41.678963,0
12.508707,41.678965,0
12.508706,41.678967,0
12.508705,41.678969,0
12.508705,41.678970,0
12.508704,41.678972,0
12.508703,41.678975,0
12.508703,41.678977,0
12.508703,41.678978,0
12.508703,41.678980,0
12.508702,41.678983,0
12.508703,41.678985,0
12.508703,41.678986,0
12.508703,41.678989,0
12.508704,41.678991,0
12.508704,41.678993,0
12.508705,41.678994,0
12.508706,41.678997,0
12.508707,41.678999,0
12.508708,41.679001,0
12.508709,41.679003,0
12.508711,41.679005,0
12.508713,41.679007,0
12.508715,41.679009,0
12.508716,41.679011,0
12.508720,41.679014,0
12.508722,41.679016,0
12.508725,41.679018,0
12.508727,41.679019,0
12.508729,41.679020,0
12.508730,41.679021,0
12.508733,41.679022,0
12.508734,41.679023,0
12.508738,41.679025,0
12.508741,41.679026,0
12.508743,41.679028,0
12.508745,41.679029,0
12.508746,41.679029,0
12.508749,41.679031,0
12.508752,41.679032,0
12.508755,41.679034,0
12.508759,41.679036,0
12.508761,41.679036,0
12.508763,41.679037,0
12.508767,41.679039,0
12.508768,41.679040,0
12.508770,41.679041,0
12.508773,41.679042,0
12.508776,41.679043,0
12.508778,41.679044,0
12.508780,41.679045,0
12.508783,41.679046,0
12.508786,41.679047,0
12.508789,41.679048,0
12.508792,41.679049,0
12.508796,41.679051,0
12.508799,41.679052,0
12.508803,41.679053,0
12.508805,41.679054,0
12.508807,41.679054,0
12.508809,41.679055,0
12.508811,41.679056,0
12.508813,41.679056,0
12.508817,41.679057,0
12.508820,41.679058,0
12.508822,41.679059,0
12.508824,41.679060,0
12.508826,41.679060,0
12.508829,41.679061,0
12.508832,41.679062,0
12.508834,41.679063,0
12.508836,41.679063,0
12.508838,41.679064,0
12.508842,41.679066,0
12.508844,41.679066,0
12.508846,41.679067,0
12.508848,41.679068,0
12.508852,41.679069,0
12.508854,41.679070,0
12.508856,41.679071,0
12.508857,41.679071,0
12.508862,41.679073,0
12.508864,41.679073,0
12.508865,41.679074,0
12.508867,41.679074,0
12.508872,41.679075,0
12.508874,41.679075,0
12.508876,41.679075,0
12.508878,41.679076,0
12.508883,41.679076,0
12.508885,41.679076,0
12.508887,41.679076,0
12.508889,41.679076,0
12.508893,41.679076,0
12.508895,41.679076,0
12.508897,41.679075,0
12.508899,41.679075,0
12.508904,41.679074,0
12.508907,41.679073,0
12.508911,41.679072,0
12.508912,41.679071,0
12.508914,41.679070,0
12.508917,41.679068,0
12.508918,41.679067,0
12.508919,41.679065,0
12.508921,41.679064,0
12.508923,41.679061,0
12.508925,41.679058,0
12.508925,41.679059,0
12.508925,41.679059,0
12.508924,41.679059,0
12.508924,41.679059,0
12.508924,41.679058,0
12.508924,41.679059,0
12.508924,41.679059,0
12.508923,41.679059,0
12.508923,41.679059,0
12.508923,41.679059,0
12.508922,41.679059,0
12.508922,41.679059,0
12.508922,41.679059,0
12.508922,41.679059,0
12.508921,41.679059,0
12.508921,41.679060,0
12.508921,41.679060,0
12.508921,41.679060,0
12.508920,41.679060,0
12.508920,41.679060,0
12.508920,41.679060,0
12.508920,41.679060,0
12.508919,41.679060,0
12.508919,41.679060,0
12.508919,41.679060,0
12.508919,41.679060,0
12.508919,41.679060,0
