12.508438,41.679092,0
12.508439,41.679091,0
12.508441,41.679089,0
12.508444,41.679085,0
12.508448,41.679081,0
12.508453,41.679075,0
12.508460,41.679067,0
12.508468,41.679058,0
12.508470,41.679048,0
12.508472,41.679036,0
12.508477,41.679021,0
12.508484,41.679006,0
12.508491,41.678990,0
12.508500,41.678973,0
12.508511,41.678954,0
12.508523,41.678934,0
12.508537,41.678913,0
12.508548,41.678892,0
12.508552,41.678878,0
12.508563,41.678856,0
12.508574,41.678836,0
12.508583,41.678819,0
12.508592,41.678802,0
12.508598,41.678788,0
12.508607,41.678772,0
12.508616,41.678757,0
12.508622,41.678742,0
12.508628,41.678730,0
12.508629,41.678718,0
12.508630,41.678707,0
12.508625,41.678695,0
12.508617,41.678684,0
12.508606,41.678676,0
12.508595,41.678669,0
12.508586,41.678663,0
12.508577,41.678658,0
12.508567,41.678656,0
12.508560,41.678656,0
12.508550,41.678654,0
12.508538,41.678651,0
12.508525,41.678652,0
12.508510,41.678652,0
12.508493,41.678653,0
12.508477,41.678655,0
12.508457,41.678660,0
12.508438,41.678664,0
12.508422,41.678669,0
12.508408,41.678675,0
12.508393,41.678684,0
12.508381,41.678690,0
12.508370,41.678699,0
12.508361,41.678708,0
12.508352,41.678719,0
12.508344,41.678731,0
12.508338,41.678742,0
12.508335,41.678757,0
12.508336,41.678774,0
12.508338,41.678792,0
12.508342,41.678811,0
12.508347,41.678830,0
12.508354,41.678852,0
12.508362,41.678871,0
12.508369,41.678890,0
12.508377,41.678909,0
12.508387,41.678932,0
12.508400,41.678954,0
12.508413,41.678978,0
12.508425,41.679000,0
12.508435,41.679022,0
12.508443,41.679040,0
12.508449,41.679057,0
12.508454,41.679073,0
12.508464,41.679089,0
12.508473,41.679104,0
12.508484,41.679123,0
12.508495,41.679142,0
12.508506,41.679160,0
12.508515,41.679176,0
12.508521,41.679193,0
12.508525,41.679207,0
12.508516,41.679218,0
12.508501,41.679225,0
12.508483,41.679231,0
12.508461,41.679234,0
12.508438,41.679239,0
12.508414,41.679240,0
12.508389,41.679243,0
12.508365,41.679242,0
12.508342,41.679242,0
12.508316,41.679239,0
12.508291,41.679235,0
12.508269,41.679231,0
12.508250,41.679227,0
12.508232,41.679223,0
12.508215,41.679217,0
12.508200,41.679213,0
12.508186,41.679208,0
12.508172,41.679204,0
12.508160,41.679199,0
12.508148,41.679197,0
12.508140,41.679195,0
12.508132,41.679194,0
12.508128,41.679196,0
12.508126,41.679199,0
12.508125,41.679199,0
12.508125,41.679199,0
12.508124,41.679199,0
12.508126,41.679201,0
12.508128,41.679201,0
12.508129,41.679199,0
12.508129,41.679196,0
12.508127,41.679194,0
12.508124,41.679188,0
12.508122,41.679183,0
12.508119,41.679178,0
12.508111,41.679171,0
12.508103,41.679163,0
12.508092,41.679153,0
12.508078,41.679141,0
12.508059,41.679131,0
12.508040,41.679120,0
12.508023,41.679113,0
12.508010,41.679110,0
12.508000,41.679107,0
12.507991,41.679104,0
12.507980,41.679101,0
12.507973,41.679100,0
12.507967,41.679099,0
12.507961,41.679101,0
12.507959,41.679105,0
12.507957,41.679108,0
12.507958,41.679112,0
12.507963,41.679117,0
12.507972,41.679127,0
12.507981,41.679133,0
12.507990,41.679139,0
12.508001,41.679146,0
12.508012,41.679150,0
12.508025,41.679154,0
12.508038,41.679158,0
12.508046,41.679164,0
12.508053,41.679166,0
12.508058,41.679173,0
12.508065,41.679180,0
12.508070,41.679187,0
12.508071,41.679193,0
12.508068,41.679197,0
12.508067,41.679199,0
12.508068,41.679203,0
12.508069,41.679210,0
12.508071,41.679217,0
12.508075,41.679222,0
12.508076,41.679229,0
12.508080,41.679232,0
12.508080,41.679235,0
12.508079,41.679238,0
12.508082,41.679242,0
12.508083,41.679248,0
12.508084,41.679256,0
12.508086,41.679263,0
12.508088,41.679269,0
12.508091,41.679275,0
12.508094,41.679283,0
12.508098,41.679291,0
12.508101,41.679301,0
12.508105,41.679310,0
12.508109,41.679320,0
12.508112,41.679330,0
12.508119,41.679338,0
12.508124,41.679347,0
12.508128,41.679355,0
12.508131,41.679362,0
12.508133,41.679367,0
12.508134,41.679370,0
12.508137,41.679375,0
12.508143,41.679378,0
12.508148,41.679380,0
12.508155,41.679382,0
12.508160,41.679384,0
12.508165,41.679383,0
12.508170,41.679382,0
12.508176,41.679381,0
12.508181,41.679384,0
12.508185,41.679385,0
12.508192,41.679388,0
12.508197,41.679391,0
12.508204,41.679398,0
12.508210,41.679406,0
12.508215,41.679414,0
12.508220,41.679423,0
12.508225,41.679433,0
12.508235,41.679443,0
12.508245,41.679454,0
12.508254,41.679460,0
12.508262,41.679461,0
12.508268,41.679460,0
12.508272,41.679458,0
12.508274,41.679456,0
12.508278,41.679457,0
12.508283,41.679457,0
12.508289,41.679458,0
12.508293,41.679457,0
12.508297,41.679457,0
12.508302,41.679455,0
12.508307,41.679456,0
12.508310,41.679453,0
12.508315,41.679450,0
12.508316,41.679445,0
12.508317,41.679441,0
12.508320,41.679436,0
12.508321,41.679432,0
12.508326,41.679427,0
12.508333,41.679426,0
12.508341,41.679426,0
12.508351,41.679430,0
12.508357,41.679435,0
12.508362,41.679441,0
12.508364,41.679446,0
12.508361,41.679451,0
12.508361,41.679454,0
12.508357,41.679457,0
12.508352,41.679458,0
12.508346,41.679459,0
12.508336,41.679458,0
12.508325,41.679455,0
12.508310,41.679450,0
12.508295,41.679447,0
12.508278,41.679444,0
12.508262,41.679441,0
12.508245,41.679436,0
12.508228,41.679433,0
12.508209,41.679428,0
12.508193,41.679425,0
12.508178,41.679423,0
12.508164,41.679420,0
12.508146,41.679415,0
12.508128,41.679407,0
12.508109,41.679399,0
12.508090,41.679389,0
12.508069,41.679377,0
12.508047,41.679361,0
12.508026,41.679346,0
12.508004,41.679328,0
12.507979,41.679308,0
12.507953,41.679287,0
12.507928,41.679264,0
12.507901,41.679243,0
12.507871,41.679223,0
12.507838,41.679202,0
12.507809,41.679183,0
12.507777,41.679163,0
12.507741,41.679140,0
12.507705,41.679115,0
12.507666,41.679089,0
12.507625,41.679064,0
12.507583,41.679041,0
12.507543,41.679018,0
12.507505,41.678995,0
12.507467,41.678970,0
12.507429,41.678947,0
12.507398,41.678925,0
12.507368,41.678902,0
12.507347,41.678883,0
12.507331,41.678865,0
12.507318,41.678849,0
12.507308,41.678835,0
12.507303,41.678824,0
12.507305,41.678816,0
12.507309,41.678808,0
12.507316,41.678799,0
12.507322,41.678790,0
12.507329,41.678783,0
12.507335,41.678773,0
12.507343,41.678764,0
12.507348,41.678755,0
12.507351,41.678745,0
12.507354,41.678733,0
12.507356,41.678725,0
12.507359,41.678716,0
12.507362,41.678707,0
12.507363,41.678697,0
12.507360,41.678684,0
12.507355,41.678669,0
12.507350,41.678652,0
12.507342,41.678635,0
12.507337,41.678617,0
12.507334,41.678596,0
12.507337,41.678579,0
12.507344,41.678564,0
12.507356,41.678552,0
12.507367,41.678544,0
12.507378,41.678534,0
12.507393,41.678529,0
12.507411,41.678527,0
12.507432,41.678529,0
12.507460,41.678534,0
12.507489,41.678538,0
12.507516,41.678544,0
12.507545,41.678551,0
12.507575,41.678557,0
12.507601,41.678564,0
12.507622,41.678572,0
12.507641,41.678579,0
12.507655,41.678585,0
12.507666,41.678592,0
12.507675,41.678599,0
12.507680,41.678600,0
12.507688,41.678605,0
12.507700,41.678612,0
12.507711,41.678617,0
12.507724,41.678623,0
12.507737,41.678630,0
12.507751,41.678638,0
12.507758,41.678645,0
12.507764,41.678650,0
12.507773,41.678660,0
12.507783,41.678673,0
12.507794,41.678687,0
12.507806,41.678704,0
12.507819,41.678723,0
12.507835,41.678742,0
12.507848,41.678763,0
12.507862,41.678786,0
12.507878,41.678810,0
12.507894,41.678837,0
12.507909,41.678864,0
12.507921,41.678893,0
12.507933,41.678921,0
12.507944,41.678950,0
12.507955,41.678981,0
12.507966,41.679013,0
12.507979,41.679047,0
12.507992,41.679082,0
12.508003,41.679117,0
12.508013,41.679151,0
12.508021,41.679186,0
12.508029,41.679219,0
12.508039,41.679253,0
12.508047,41.679286,0
12.508055,41.679318,0
12.508061,41.679349,0
12.508066,41.679377,0
12.508069,41.679407,0
12.508070,41.679438,0
12.508072,41.679469,0
12.508073,41.679501,0
12.508073,41.679533,0
12.508075,41.679568,0
12.508078,41.679602,0
12.508086,41.679637,0
12.508095,41.679671,0
12.508104,41.679703,0
12.508113,41.679735,0
12.508125,41.679766,0
12.508139,41.679798,0
12.508151,41.679830,0
12.508161,41.679861,0
12.508171,41.679891,0
12.508181,41.679919,0
12.508194,41.679949,0
12.508208,41.679978,0
12.508230,41.680008,0
12.508250,41.680040,0
12.508271,41.680071,0
12.508287,41.680102,0
12.508299,41.680130,0
12.508308,41.680160,0
12.508314,41.680191,0
12.508320,41.680222,0
12.508317,41.680250,0
12.508309,41.680279,0
12.508303,41.680308,0
12.508299,41.680336,0
12.508295,41.680363,0
12.508290,41.680391,0
12.508285,41.680416,0
12.508282,41.680439,0
12.508276,41.680458,0
12.508272,41.680480,0
12.508269,41.680502,0
12.508267,41.680523,0
12.508273,41.680544,0
12.508280,41.680565,0
12.508293,41.680586,0
12.508306,41.680606,0
12.508323,41.680620,0
12.508337,41.680632,0
12.508338,41.680639,0
12.508332,41.680644,0
12.508312,41.680644,0
12.508278,41.680642,0
12.508219,41.680631,0
12.508135,41.680615,0
12.508037,41.680592,0
12.507947,41.680570,0
12.507858,41.680554,0
12.507776,41.680537,0
12.507695,41.680522,0
12.507621,41.680509,0
12.507553,41.680497,0
12.507492,41.680485,0
12.507435,41.680471,0
12.507382,41.680459,0
12.507332,41.680446,0
12.507289,41.680435,0
12.507244,41.680425,0
12.507198,41.680414,0
12.507151,41.680402,0
12.507103,41.680390,0
12.507058,41.680378,0
12.507014,41.680367,0
12.506973,41.680354,0
12.506934,41.680344,0
12.506897,41.680334,0
12.506861,41.680325,0
12.506827,41.680313,0
12.506795,41.680303,0
12.506771,41.680292,0
12.506754,41.680283,0
12.506740,41.680275,0
12.506725,41.680265,0
12.506711,41.680253,0
12.506693,41.680238,0
12.506668,41.680221,0
12.506636,41.680202,0
12.506597,41.680178,0
12.506553,41.680155,0
12.506505,41.680130,0
12.506455,41.680104,0
12.506388,41.680072,0
12.506314,41.680038,0
12.506240,41.680003,0
12.506173,41.679972,0
12.506110,41.679944,0
12.506050,41.679917,0
12.505990,41.679890,0
12.505933,41.679867,0
12.505873,41.679843,0
12.505808,41.679821,0
12.505744,41.679797,0
12.505680,41.679773,0
12.505619,41.679748,0
12.505558,41.679726,0
12.505501,41.679704,0
12.505450,41.679682,0
12.505404,41.679663,0
12.505360,41.679644,0
12.505322,41.679628,0
12.505287,41.679614,0
12.505252,41.679599,0
12.505216,41.679584,0
12.505180,41.679568,0
12.505143,41.679551,0
12.505105,41.679536,0
12.505068,41.679520,0
12.505034,41.679503,0
12.505001,41.679487,0
12.504969,41.679471,0
12.504938,41.679454,0
12.504908,41.679436,0
12.504880,41.679419,0
12.504855,41.679402,0
12.504831,41.679384,0
12.504807,41.679368,0
12.504783,41.679351,0
12.504758,41.679335,0
12.504730,41.679318,0
12.504702,41.679302,0
12.504674,41.679286,0
12.504649,41.679271,0
12.504627,41.679258,0
12.504603,41.679245,0
12.504578,41.679235,0
12.504552,41.679224,0
12.504527,41.679217,0
12.504501,41.679210,0
12.504484,41.679207,0
12.504484,41.679217,0
12.504489,41.679233,0
12.504492,41.679250,0
12.504492,41.679269,0
12.504489,41.679290,0
12.504485,41.679312,0
12.504480,41.679335,0
12.504474,41.679358,0
12.504466,41.679383,0
12.504456,41.679409,0
12.504444,41.679436,0
12.504430,41.679465,0
12.504414,41.679496,0
12.504397,41.679527,0
12.504376,41.679561,0
12.504356,41.679595,0
12.504334,41.679629,0
12.504312,41.679664,0
12.504288,41.679700,0
12.504263,41.679737,0
12.504237,41.679773,0
12.504211,41.679810,0
12.504184,41.679848,0
12.504156,41.679886,0
12.504126,41.679926,0
12.504094,41.679966,0
12.504062,41.680008,0
12.504027,41.680051,0
12.503991,41.680096,0
12.503954,41.680141,0
12.503915,41.680188,0
12.503876,41.680234,0
12.503837,41.680281,0
12.503797,41.680329,0
12.503755,41.680377,0
12.503713,41.680426,0
12.503670,41.680475,0
12.503627,41.680525,0
12.503584,41.680574,0
12.503540,41.680623,0
12.503495,41.680674,0
12.503451,41.680723,0
12.503406,41.680773,0
12.503361,41.680823,0
12.503315,41.680874,0
12.503270,41.680924,0
12.503224,41.680975,0
12.503178,41.681025,0
12.503131,41.681077,0
12.503084,41.681128,0
12.503037,41.681178,0
12.502990,41.681229,0
12.502942,41.681281,0
12.502895,41.681332,0
12.502847,41.681383,0
12.502799,41.681434,0
12.502750,41.681486,0
12.502702,41.681538,0
12.502652,41.681591,0
12.502601,41.681644,0
12.502550,41.681698,0
12.502498,41.681753,0
12.502445,41.681808,0
12.502391,41.681864,0
12.502338,41.681920,0
12.502285,41.681975,0
12.502232,41.682030,0
12.502179,41.682085,0
12.502126,41.682140,0
12.502072,41.682195,0
12.502019,41.682250,0
12.501966,41.682304,0
12.501913,41.682359,0
12.501860,41.682414,0
12.501805,41.682469,0
12.501750,41.682526,0
12.501695,41.682583,0
12.501907,41.682529,0
12.502112,41.682478,0
12.502311,41.682428,0
12.502235,41.682491,0
12.502162,41.682552,0
12.502090,41.682610,0
12.502021,41.682667,0
12.501953,41.682723,0
12.501888,41.682777,0
12.501823,41.682829,0
12.501760,41.682881,0
12.501696,41.682934,0
12.501631,41.682987,0
12.501567,41.683039,0
12.501504,41.683091,0
12.501441,41.683144,0
12.501378,41.683197,0
12.501350,41.683258,0
12.501323,41.683319,0
12.501294,41.683378,0
12.501264,41.683438,0
12.501231,41.683500,0
12.501197,41.683561,0
12.501164,41.683622,0
12.501131,41.683681,0
12.501100,41.683737,0
12.501070,41.683793,0
12.501040,41.683847,0
12.501010,41.683899,0
12.500983,41.683948,0
12.500956,41.683995,0
12.500930,41.684043,0
12.500906,41.684089,0
12.500884,41.684131,0
12.500862,41.684172,0
12.500840,41.684211,0
12.500818,41.684249,0
12.500799,41.684283,0
12.500779,41.684316,0
12.500760,41.684348,0
12.500743,41.684378,0
12.500725,41.684405,0
12.500708,41.684431,0
12.500689,41.684455,0
12.500672,41.684477,0
12.500655,41.684497,0
12.500635,41.684515,0
12.500615,41.684531,0
12.500597,41.684545,0
12.500579,41.684556,0
12.500560,41.684566,0
12.500543,41.684575,0
12.500528,41.684580,0
12.500512,41.684585,0
12.500497,41.684589,0
12.500483,41.684591,0
12.500470,41.684592,0
12.500458,41.684589,0
12.500443,41.684585,0
12.500429,41.684579,0
12.500416,41.684568,0
12.500402,41.684556,0
12.500388,41.684543,0
12.500375,41.684530,0
12.500362,41.684518,0
12.500348,41.684506,0
12.500335,41.684492,0
12.500323,41.684477,0
12.500312,41.684462,0
12.500302,41.684445,0
12.500296,41.684426,0
12.500289,41.684408,0
12.500282,41.684388,0
12.500276,41.684367,0
12.500268,41.684349,0
12.500259,41.684334,0
12.500251,41.684319,0
12.500240,41.684305,0
12.500229,41.684293,0
12.500217,41.684282,0
12.500206,41.684270,0
12.500195,41.684260,0
12.500183,41.684247,0
12.500169,41.684233,0
12.500154,41.684219,0
12.500140,41.684203,0
12.500125,41.684184,0
12.500107,41.684167,0
12.500091,41.684148,0
12.500075,41.684130,0
12.500059,41.684111,0
12.500042,41.684095,0
12.500024,41.684078,0
12.500007,41.684061,0
12.499988,41.684045,0
12.499971,41.684029,0
12.499955,41.684009,0
12.499937,41.683990,0
12.499918,41.683969,0
12.499900,41.683947,0
12.499882,41.683927,0
12.499865,41.683908,0
12.499849,41.683892,0
12.499832,41.683877,0
12.499820,41.683865,0
12.499807,41.683854,0
12.499795,41.683842,0
12.499782,41.683832,0
12.499770,41.683822,0
12.499757,41.683810,0
12.499743,41.683798,0
12.499730,41.683788,0
12.499716,41.683778,0
12.499704,41.683768,0
12.499689,41.683761,0
12.499675,41.683754,0
12.499662,41.683748,0
12.499649,41.683742,0
12.499635,41.683739,0
12.499624,41.683734,0
12.499614,41.683728,0
12.499608,41.683723,0
12.499604,41.683719,0
12.499601,41.683716,0
12.499599,41.683712,0
12.499602,41.683707,0
12.499605,41.683695,0
12.499599,41.683691,0
12.499594,41.683686,0
12.499588,41.683683,0
12.499582,41.683680,0
12.499573,41.683677,0
12.499564,41.683675,0
12.499557,41.683675,0
12.499550,41.683674,0
12.499545,41.683672,0
12.499540,41.683673,0
12.499537,41.683673,0
12.499534,41.683672,0
12.499531,41.683672,0
12.499525,41.683673,0
12.499520,41.683672,0
12.499520,41.683669,0
12.499523,41.683666,0
12.499528,41.683659,0
12.499534,41.683654,0
12.499552,41.683671,0
12.499559,41.683663,0
12.499564,41.683658,0
12.499567,41.683654,0
12.499571,41.683649,0
12.499574,41.683645,0
12.499578,41.683640,0
12.499581,41.683636,0
12.499584,41.683632,0
12.499587,41.683628,0
12.499590,41.683624,0
12.499593,41.683620,0
12.499596,41.683617,0
12.499598,41.683613,0
12.499601,41.683610,0
12.499603,41.683607,0
12.499604,41.683605,0
12.499605,41.683604,0
12.499604,41.683604,0
12.499600,41.683607,0
12.499595,41.683611,0
12.499589,41.683617,0
12.499583,41.683624,0
12.499573,41.683633,0
12.499563,41.683643,0
12.499552,41.683654,0
12.499541,41.683665,0
12.499529,41.683674,0
12.499519,41.683682,0
12.499509,41.683690,0
12.499499,41.683699,0
12.499489,41.683707,0
12.499477,41.683716,0
12.499467,41.683726,0
12.499455,41.683737,0
12.499441,41.683749,0
12.499427,41.683761,0
12.499413,41.683773,0
12.499400,41.683788,0
12.499385,41.683802,0
12.499371,41.683813,0
12.499355,41.683822,0
12.499340,41.683829,0
12.499325,41.683833,0
12.499310,41.683837,0
12.499299,41.683839,0
12.499289,41.683839,0
12.499281,41.683836,0
12.499273,41.683832,0
12.499267,41.683828,0
12.499263,41.683821,0
12.499261,41.683813,0
12.499258,41.683802,0
12.499260,41.683790,0
12.499262,41.683778,0
12.499266,41.683768,0
12.499271,41.683758,0
12.499275,41.683748,0
12.499280,41.683739,0
12.499284,41.683730,0
12.499288,41.683721,0
12.499292,41.683712,0
12.499296,41.683704,0
12.499299,41.683696,0
12.499303,41.683688,0
12.499306,41.683681,0
12.499310,41.683674,0
12.499313,41.683666,0
12.499339,41.683683,0
12.499364,41.683698,0
12.499366,41.683691,0
12.499367,41.683683,0
12.499369,41.683676,0
12.499370,41.683669,0
12.499372,41.683662,0
12.499373,41.683655,0
12.499374,41.683649,0
12.499375,41.683642,0
12.499376,41.683636,0
12.499378,41.683630,0
12.499379,41.683625,0
12.499403,41.683642,0
12.499426,41.683659,0
12.499426,41.683652,0
12.499425,41.683646,0
12.499448,41.683663,0
12.499447,41.683656,0
12.499446,41.683650,0
12.499445,41.683643,0
12.499444,41.683637,0
12.499443,41.683631,0
12.499442,41.683626,0
12.499441,41.683620,0
12.499440,41.683615,0
12.499440,41.683609,0
